"Wave Length","Absorbance"
450,0.820963516258974
451,0.827925682497165
452,0.832615632309581
453,0.836118780608716
454,0.840870199979736
455,0.845526164292434
456,0.84748258677742
457,0.847571278003805
458,0.848278013442893
459,0.848586528287285
460,0.84683351978888
461,0.845044008683691
462,0.845168088999365
463,0.845578600969994
464,0.84404905484227
465,0.841567159578969
466,0.839658046509491
467,0.836883400469803
468,0.831321703269041
469,0.824335532731138
470,0.817604852251746
471,0.80916832642967
472,0.796540135091903
473,0.78194290929735
474,0.769128556897137
475,0.757155653395859
476,0.743353984662804
477,0.728081364000895
478,0.713201134742515
479,0.698777391900903
480,0.684048295233782
481,0.669690410789115
482,0.656355098926768
483,0.642564713524008
484,0.626751598863819
485,0.610145417301266
486,0.594918726182815
487,0.580977004861437
488,0.567124914669217
489,0.553487034797425
490,0.54072712704128
491,0.528367708816257
492,0.515793988274396
493,0.503929189259892
494,0.493887173418958
495,0.485062197439565
496,0.476503258125906
497,0.468791207903134
498,0.462969076637288
499,0.458632048639734
500,0.454619908136079
501,0.450784775310264
502,0.447459393291627
503,0.444030953081135
504,0.439955794108641
505,0.436134451242937
506,0.433618694902551
507,0.432002870377897
508,0.430275878902599
509,0.428561881299891
510,0.427378354931429
511,0.426089553796492
512,0.423722450016129
513,0.420550409277372
514,0.417453488859462
515,0.414265373346353
516,0.410244728357792
517,0.405675933175675
518,0.401558362728156
519,0.397948522853485
520,0.394387950733367
521,0.391411804539126
522,0.389852983325508
523,0.389445118545404
524,0.389312462711538
525,0.389245427188418
526,0.389455533015753
527,0.389573446127294
528,0.389251454634954
529,0.38912267093571
530,0.389829955702496
531,0.390947060177196
532,0.391694194173956
533,0.392191095808202
534,0.392971901646398
535,0.393735896211901
536,0.393814104081267
537,0.393402461180937
538,0.393108412831733
539,0.392742949914809
540,0.391904821791564
541,0.391106676710605
542,0.391103007761009
543,0.391601194580307
544,0.391872802430418
545,0.392101891711867
546,0.392901450170485
547,0.393988559866559
548,0.394685180083631
549,0.395289387739103
550,0.396539349622511
551,0.398223792121219
552,0.399587588162048
553,0.400730186399781
554,0.402349662391086
555,0.404521746714931
556,0.406812593244187
557,0.409212236546261
558,0.411815196430525
559,0.414008876960354
560,0.415135808580596
561,0.415563378918192
562,0.416008869758927
563,0.416389352676052
564,0.416485086919506
565,0.416975521897315
566,0.418580708062636
567,0.420761439360083
568,0.422494311482135
569,0.423781123088529
570,0.425141888098126
571,0.426262022778057
572,0.426642209364139
573,0.426857605673121
574,0.427720415854265
575,0.42888399672184
576,0.429526486264393
577,0.430021893588278
578,0.431328052641168
579,0.433213490825201
580,0.434642011169183
581,0.4354542255966
582,0.436279918405482
583,0.437167539488114
584,0.437745529263277
585,0.438398517022912
586,0.439941163188626
587,0.442283126137367
588,0.444648923652073
589,0.446836136563118
590,0.449124230287943
591,0.451221930851171
592,0.452604815766021
593,0.453707677535413
594,0.455443090633151
595,0.457784796613192
596,0.46007059707605
597,0.462224078219488
598,0.464457236319872
599,0.46619693330044
600,0.466550209507001
601,0.465689170274007
602,0.464447212810071
603,0.462826815453702
604,0.460232865848954
605,0.456802881387186
606,0.453176678012639
607,0.449222133507861
608,0.444337531969594
609,0.4388222493081
610,0.433558312968348
611,0.42855850604525
612,0.423323476290457
613,0.418177931619947
614,0.413989230388685
615,0.411006746976234
616,0.409388900264792
617,0.41038022010571
618,0.415113265153351
619,0.422070315197224
620,0.427509218900925
621,0.429034629799031
622,0.427543886036374
623,0.42518735800778
624,0.422378428532046
625,0.417323904903635
626,0.407911663463116
627,0.393886156178256
628,0.377499699569069
629,0.362081322184126
630,0.349829370725614
631,0.340900281839827
632,0.3345094679521
633,0.330238816458867
634,0.327871582617983
635,0.326711889461524
636,0.326028540836912
637,0.325891928616296
638,0.326741530825338
639,0.32839272469013
640,0.330500291743838
641,0.333752289194543
642,0.339127647069495
643,0.345680290209885
644,0.3501647195727
645,0.349397163112422
646,0.34273166968949
647,0.332413674679492
648,0.322035217694794
649,0.314429016124149
650,0.310112601958361
651,0.307520813749369
652,0.305150736007058
653,0.302980657488678
654,0.301464870285741
655,0.300296329356693
656,0.298966769441217
657,0.29782220246513
658,0.297373652911308
659,0.297310243914593
660,0.297149950821047
661,0.297024967549648
662,0.297017227601312
663,0.296585156873649
664,0.29499300666327
665,0.291609827650048
666,0.286184099432722
667,0.279348690443372
668,0.275176817818822
669,0.279296344784136
670,0.288444722132457
671,0.296958590240846
672,0.30285769516359
673,0.306603508789552
674,0.309301174627971
675,0.311612811607579
676,0.313741114514617
677,0.315611330431215
678,0.316862758132618
679,0.317177814927317
680,0.31661928445864
681,0.31553317425718
682,0.314221442977968
683,0.313152134003701
684,0.312861040307012
685,0.313524138386918
686,0.314974571690951
687,0.317066105610806
688,0.319841208714757
689,0.323337650054718
690,0.327556081628281
691,0.332585452957515
692,0.338533647353156
693,0.345503546555443
694,0.353607009822253
695,0.363005986083077
696,0.373988252127886
697,0.386731587733309
698,0.401051730652778
699,0.416222064517755
700,0.430829875080924
701,0.442972279268988
702,0.450664989258172
703,0.45257936306011
704,0.449025614986303
705,0.442381765756659
706,0.436477619031393
707,0.435175490307704
708,0.441112409966947
709,0.454622193359582
710,0.472070646826223
711,0.485057320188901
712,0.483426640665062
713,0.461779855104545
714,0.424148488332281
715,0.381370183248948
716,0.343714780438148
717,0.31598490822
718,0.297869802397884
719,0.286983079067493
720,0.281026857023548
721,0.278250350981048
722,0.277394473495048
723,0.277747761538554
724,0.278984329281277
725,0.280806707961758
726,0.282810212986474
727,0.284683568046003
728,0.28634194720384
729,0.28777539462169
730,0.288943440449819
731,0.289875278631838
732,0.290732415216419
733,0.291615679427501
734,0.292489589277938
735,0.293424578298954
736,0.294632179563457
737,0.296158867021808
738,0.297745060473906
739,0.299067360021828
740,0.299937160717836
741,0.300215459199305
742,0.299776041502203
743,0.298714192438444
744,0.297450834607962
745,0.296464033225639
746,0.295977009333744
747,0.295998517689049
748,0.296533148483
749,0.297572381250216
750,0.298963260801228
751,0.300494136944496
752,0.302113866411274
753,0.303919487884689
754,0.305918381496668
755,0.30794868449648
756,0.309870618212517
757,0.31170982643271
758,0.313574697803753
759,0.315538888242456
760,0.317640884115189
761,0.319920156147822
762,0.322406708225904
763,0.32511734849211
764,0.328077376078408
765,0.331312891613312
766,0.33486654289881
767,0.338896755508961
768,0.343683274795463
769,0.349319677904457
770,0.355324505484244
771,0.360716347643797
772,0.364643275884413
773,0.366978523316159
774,0.36829981932728
775,0.369374946527967
776,0.370703188145323
777,0.372389950636248
778,0.374274389983968
779,0.376148842232261
780,0.377924777209463
781,0.379606324743203
782,0.381130755568337
783,0.382320746508877
784,0.383019998088856
785,0.383202219112978
786,0.382915649544979
787,0.382216295603226
788,0.38121147750592
789,0.380058417508654
790,0.378848041150459
791,0.377567285566997
792,0.376217031327329
793,0.374854664806846
794,0.373457266085948
795,0.371879047425475
796,0.370039429280718
797,0.368057908741197
798,0.366128622018787
799,0.364369067313194
800,0.362855358821587
801,0.361689162255657
802,0.360981237348859
803,0.360851062260315
804,0.361377839571455
805,0.362303525187195
806,0.36279328629637
807,0.361868032662493
808,0.359319564125241
809,0.35599211882271
810,0.352979879474219
811,0.350725705499267
812,0.349033357385859
813,0.347651009914256
814,0.34649702749689
815,0.345473873705686
816,0.344413384648142
817,0.343244072415349
818,0.342043719241267
819,0.340969141367431
820,0.340257632598108
821,0.340174838822125
822,0.340825645899151
823,0.342163102871702
824,0.344338379783241
825,0.347745199120963
826,0.352247119899929
827,0.35637320655935
828,0.357769356837372
829,0.354797987594152
830,0.34779557069367
831,0.3388814728418
832,0.330624241713918
833,0.324683481234497
834,0.321300881857106
835,0.31982010602
836,0.319583320610599
837,0.320296881237385
838,0.321784851717847
839,0.323813363504805
840,0.326322930013471
841,0.329516734382392
842,0.333579304779057
843,0.33857341121296
844,0.34469095319736
845,0.352007095718775
846,0.359444980384274
847,0.364505161482768
848,0.365084260504376
849,0.361886836287726
850,0.358356525324095
851,0.357825740339913
852,0.361136078420176
853,0.366971833226615
854,0.373806736043314
855,0.381087989253672
856,0.388948148850884
857,0.397594406078915
858,0.407183846260739
859,0.417870613484792
860,0.429790207324676
861,0.443050278422104
862,0.457754412895123
863,0.473972843603632
864,0.49171132322798
865,0.511061813535522
866,0.53226107828887
867,0.555420329569964
868,0.580059220248766
869,0.60474353122755
870,0.626901335673022
871,0.643094784085207
872,0.650219210246441
873,0.64689527675796
874,0.633795799947773
875,0.612595686159203
876,0.585138706971471
877,0.553529314795378
878,0.520147531590804
879,0.487381620425744
880,0.457128568585598
881,0.430089894984983
882,0.405180709616382
883,0.380047240215217
884,0.353041588822544
885,0.324969357002735
886,0.298865812630624
887,0.278024041616948
888,0.2642085702126
889,0.257155059690176
890,0.255224555874541
891,0.256441793278728
892,0.259215486045759
893,0.262663745178218
894,0.266430043738184
895,0.270275667131996
896,0.273888078235461
897,0.277015213916768
898,0.279632712541334
899,0.281827669449039
900,0.283631732524337
901,0.285074360096394
902,0.286316355946989
903,0.287599099077898
904,0.28909841357752
905,0.290914377207654
906,0.293135691376323
907,0.295813888952191
908,0.298917538778895
909,0.302392350386757
910,0.30622275486315
911,0.310379308269769
912,0.314752126742293
913,0.319222126623955
914,0.323722219045828
915,0.328145551566632
916,0.332268029630892
917,0.335874136397797
918,0.338912590841056
919,0.341452084050042
920,0.343560743984897
921,0.345288227902478
922,0.346702943999742
923,0.347863092169423
924,0.348811635066964
925,0.349659757170995
926,0.350606301803527
927,0.351831527540689
928,0.353428415672876
929,0.355453672309392
930,0.357953912522388
931,0.360946149461221
932,0.364460326361479
933,0.368552525665962
934,0.373037231257681
935,0.377148527024122
936,0.379766135816593
937,0.380269162936389
938,0.379101257886912
939,0.377377886755932
940,0.376036956253551
941,0.375412739594225
942,0.375400536603742
943,0.375762479615611
944,0.376316760819413
945,0.377036526537505
946,0.378023062418766
947,0.379333963221601
948,0.380869447961979
949,0.382494190653624
950,0.384190395471136
951,0.386008398373379
952,0.387938592594224
953,0.389923921733743
954,0.391951081790218
955,0.394037317605798
956,0.39618472858185
957,0.398419369699027
958,0.400804636005733
959,0.403345793870581
960,0.405945390766787
961,0.408516857545043
962,0.411064829883692
963,0.413614583976345
964,0.41620507251169
965,0.419016118378669
966,0.422308520311211
967,0.426033197549459
968,0.429582065334588
969,0.432143823685179
970,0.433367147908604
971,0.433620924346202
972,0.433679394788899
973,0.434211430537624
974,0.435465225082136
975,0.437292216504527
976,0.439412015728596
977,0.441680103539469
978,0.444112942384401
979,0.44673664346093
980,0.44954152699552
981,0.452571475734894
982,0.455902120529802
983,0.459458657914912
984,0.463000216329911
985,0.466355471249814
986,0.469556024541221
987,0.47269567442234
988,0.475804362380851
989,0.478946256780571
990,0.482302607845941
991,0.48606458068613
992,0.490351848313954
993,0.495242113129966
994,0.500702762503307
995,0.506441012581361
996,0.512027083100658
997,0.517337566903047
998,0.52271729917421
999,0.528616267073374
1000,0.535243212640392
1001,0.542614071920356
1002,0.550710061917398
1003,0.559406062390625
1004,0.568438901488665
1005,0.57762234438128
1006,0.586928604488751
1007,0.596257973902025
1008,0.605354514708825
1009,0.61408895497643
1010,0.622570483414052
1011,0.630841574364509
1012,0.638721784231298
1013,0.646107119920829
1014,0.653128157596113
1015,0.659861931816958
1016,0.666252293054459
1017,0.672478327808095
1018,0.679022048972607
1019,0.686172036923309
1020,0.693856122060156
1021,0.702160098581516
1022,0.711604844626614
1023,0.722688377902456
1024,0.73559822072561
1025,0.750576789835088
1026,0.767696044846104
1027,0.785371461837609
1028,0.799476069780219
1029,0.805302575728674
1030,0.801196068588943
1031,0.790331175473948
1032,0.778918690381005
1033,0.772574226354762
1034,0.773629022000327
1035,0.780893228830414
1036,0.791422380731985
1037,0.802497332503338
1038,0.812532533330115
1039,0.820913576284416
1040,0.827797389861955
1041,0.833957654064517
1042,0.840167310519798
1043,0.84652290537771
1044,0.85269631879023
1045,0.858723066673673
1046,0.864975036083381
1047,0.871419755125
1048,0.877582933669295
1049,0.883362571430019
1050,0.889196599090859
1051,0.895284631063812
1052,0.901356487673406
1053,0.907383958392058
1054,0.913779377718841
1055,0.920642766783704
1056,0.927483050538735
1057,0.933891091359077
1058,0.939883467648224
1059,0.94543808339917
1060,0.950345469180575
1061,0.954701443028538
1062,0.95891643108722
1063,0.963033789231963
1064,0.966675289283166
1065,0.969764033468298
1066,0.972642852308169
1067,0.975423880311314
1068,0.97793775666355
1069,0.980415189105862
1070,0.983411750492163
1071,0.986924934846012
1072,0.990352535807906
1073,0.993417274398279
1074,0.996302593674884
1075,0.998758933170566
1076,1
1077,0.999785131325423
1078,0.998662389375111
1079,0.996858569135583
1080,0.993811666350125
1081,0.989116531218816
1082,0.983239109249063
1083,0.976940999611778
1084,0.970728686261977
1085,0.965050188068269
1086,0.960275922485718
1087,0.956256677527692
1088,0.952474116298913
1089,0.948773440344232
1090,0.94539880702897
1091,0.94230912762961
1092,0.939119507296881
1093,0.93578148546139
1094,0.932618367295701
1095,0.929619592129188
1096,0.926382223632383
1097,0.922821662297343
1098,0.919230363562002
1099,0.91555707521829
1100,0.911360479011508
1101,0.90652523649308
1102,0.901361302918454
1103,0.895886658454068
1104,0.889680857087704
1105,0.882631852515615
1106,0.875013832398446
1107,0.866832110606496
1108,0.857750025169167
1109,0.847737512876682
1110,0.837178558512025
1111,0.826240056661936
1112,0.814823785773079
1113,0.803167793473785
1114,0.791836239277971
1115,0.781062482581652
1116,0.770659435091611
1117,0.760623140871386
1118,0.751264227446099
1119,0.742710788174882
1120,0.734773196188467
1121,0.727332058976327
1122,0.720338346811057
1123,0.713406821582924
1124,0.705950203092743
1125,0.697801718262209
1126,0.689251907314756
1127,0.680476434477918
1128,0.671484757026239
1129,0.662714899018033
1130,0.655023315681103
1131,0.648809974330053
1132,0.64366323097726
1133,0.63900857743179
1134,0.634643522511132
1135,0.630519677704667
1136,0.626498387211841
1137,0.622534533442234
1138,0.618760444304211
1139,0.615227721208852
1140,0.611815504295034
1141,0.608515713831789
1142,0.605534730220016
1143,0.602997033773492
1144,0.600852248534841
1145,0.599141838360074
1146,0.598048085572591
1147,0.597565219375281
1148,0.597394550596442
1149,0.597300523296035
1150,0.597272071521983
1151,0.597210314729551
1152,0.596741838432076
1153,0.595506071005845
1154,0.593370346062068
1155,0.59030216398316
1156,0.58633785438244
1157,0.581751679749597
1158,0.576990861232261
1159,0.572301246781499
1160,0.567650944284324
1161,0.56306843755049
1162,0.558784710563422
1163,0.55497405167832
1164,0.551605998026665
1165,0.548628433638844
1166,0.546040056323605
1167,0.543708119878654
1168,0.54135408189259
1169,0.538846616504462
1170,0.536314986478276
1171,0.533901129333616
1172,0.531631181294961
1173,0.529582976677483
1174,0.527938668593429
1175,0.526746375605154
1176,0.525799326363927
1177,0.524840482859927
1178,0.52371171578204
1179,0.522284257338149
1180,0.520519210579726
1181,0.518684111213382
1182,0.51725093119603
1183,0.516441224021083
1184,0.516086752817089
1185,0.516010167630068
1186,0.51627853934437
1187,0.517041171477555
1188,0.518349937466961
1189,0.520269694076219
1190,0.522995589260216
1191,0.526677883734664
1192,0.531371505269915
1193,0.53721682669677
1194,0.544452538339777
1195,0.553185152861918
1196,0.563288414732598
1197,0.574707988081079
1198,0.587546003135988
1199,0.601569175657711
1200,0.615738927585641
1201,0.628406297204451
1202,0.637842914888826
1203,0.642762273698777
1204,0.642995470029656
1205,0.639696457886973
1206,0.634517481769974
1207,0.628253709535979
1208,0.620541124604551
1209,0.610843015025492
1210,0.599028707175067
1211,0.585192280052539
1212,0.569497315915438
1213,0.552405692263841
1214,0.534690500827533
1215,0.517000534654714
1216,0.499739904615234
1217,0.483342902410428
1218,0.468337609317513
1219,0.455045006039877
1220,0.443464046659933
1221,0.433453097676243
1222,0.424833834092922
1223,0.417305480590881
1224,0.410422201694334
1225,0.403873502396089
1226,0.397658007942148
1227,0.391896325959894
1228,0.386613849789597
1229,0.381744135298265
1230,0.377229765460676
1231,0.372977257728756
1232,0.368819693403717
1233,0.3646771054241
1234,0.360662328386671
1235,0.356933302519152
1236,0.353504241394062
1237,0.350311808487344
1238,0.347399096626782
1239,0.344861349770011
1240,0.342646752931939
1241,0.340553081397662
1242,0.338418053086979
1243,0.336204748886526
1244,0.333920091969907
1245,0.33159293631765
1246,0.329323370955806
1247,0.327209586283174
1248,0.325193551595694
1249,0.323075509701643
1250,0.320700348623552
1251,0.318056826700962
1252,0.315206775654272
1253,0.312213707662302
1254,0.309152223683506
1255,0.306086221898071
1256,0.303006831945119
1257,0.299858317457359
1258,0.296614319883814
1259,0.293258515015452
1260,0.289737156389921
1261,0.286079395148643
1262,0.282542895317168
1263,0.279491954121674
1264,0.277101113395162
1265,0.27530589147328
1266,0.274045537753944
1267,0.273349210607606
1268,0.273164520325644
1269,0.273273580633605
1270,0.273464408152907
1271,0.273667964658974
1272,0.273862259480958
1273,0.274019358329628
1274,0.274204800786308
1275,0.274569154459374
1276,0.275188143847648
1277,0.276028288333498
1278,0.277094749667191
1279,0.278433609899794
1280,0.279938344186319
1281,0.281356944950785
1282,0.282554421120198
1283,0.283600802233713
1284,0.284569517260395
1285,0.285456559184978
1286,0.286330107313387
1287,0.287329331738323
1288,0.288449036100414
1289,0.289542842654541
1290,0.290599012636932
1291,0.291791058359254
1292,0.293208920362978
1293,0.294772484334996
1294,0.296446037186779
1295,0.298280677850262
1296,0.300197681712558
1297,0.301987908768171
1298,0.3036130331973
1299,0.305263036323907
1300,0.307048769939491
1301,0.308896885082929
1302,0.310790064925191
1303,0.312836458067321
1304,0.315039623455994
1305,0.317268751667416
1306,0.319517084895147
1307,0.321916157790479
1308,0.324446182483391
1309,0.326931878058786
1310,0.329372841442955
1311,0.331943845909684
1312,0.334600175645022
1313,0.337029620229936
1314,0.339121690804774
1315,0.341139146356391
1316,0.343274920826166
1317,0.345406751628538
1318,0.347426057430171
1319,0.349449411437259
1320,0.351588733668866
1321,0.353833451595616
1322,0.356262097155392
1323,0.359067853766135
1324,0.362298560180729
1325,0.365822307825148
1326,0.369617089939825
1327,0.373803519825411
1328,0.378315466264038
1329,0.382887187648903
1330,0.387438436007372
1331,0.392131330709045
1332,0.39700112228362
1333,0.401927383749612
1334,0.407046179132333
1335,0.412771120372913
1336,0.419309059581149
1337,0.42640286673189
1338,0.433369809316709
1339,0.438736864908793
1340,0.440410152515807
1341,0.43778133470888
1342,0.432777191994832
1343,0.427786769726855
1344,0.423981655283754
1345,0.421677246798135
1346,0.421039366582678
1347,0.422042735814364
1348,0.424151935264912
1349,0.426689124851643
1350,0.429487955720915
1351,0.432775395521432
1352,0.436511330546183
1353,0.440391715508552
1354,0.444480086457764
1355,0.44915037002226
1356,0.454515224030292
1357,0.460478271816472
1358,0.467298052684319
1359,0.475384268338342
1360,0.484621029619973
1361,0.494522180296341
1362,0.504924171816265
1363,0.515671011979585
1364,0.525786174450354
1365,0.534031086257047
1366,0.539779434756987
1367,0.542743567900367
1368,0.542823989345578
1369,0.540958166115755
1370,0.539334407522067
1371,0.539616558552948
1372,0.541485161710658
1373,0.543622109061309
1374,0.545565536537246
1375,0.548030354499134
1376,0.551475602185156
1377,0.555206224914619
1378,0.558326996394612
1379,0.560540170910165
1380,0.5619741210629
1381,0.5629170247206
1382,0.56383052955182
1383,0.565235304493392
1384,0.567289389340834
1385,0.569628614104979
1386,0.571783080071448
1387,0.573773013143746
1388,0.576346391252972
1389,0.580638648206222
1390,0.587134906158689
1391,0.595105037564635
1392,0.602966351897153
1393,0.608956831098883
1394,0.61197228405063
1395,0.61223005324864
1396,0.61119906240959
1397,0.610063926725771
1398,0.608382780105458
1399,0.605105679748985
1400,0.601028527385694
1401,0.598548404797145
1402,0.598219548791516
1403,0.597866964779938
1404,0.594937550645221
1405,0.589180893180616
1406,0.583202561902662
1407,0.579223224617903
1408,0.576870791923736
1409,0.574943638107246
1410,0.573014210279394
1411,0.571100306264772
1412,0.569390600557212
1413,0.568398773907011
1414,0.568712659112027
1415,0.570381670381829
1416,0.572614783493523
1417,0.573927746221871
1418,0.572600688497878
1419,0.56779341784293
1420,0.562162747670032
1421,0.559311076742967
1422,0.557938300505562
1423,0.553543270569375
1424,0.543241067508943
1425,0.529390067329584
1426,0.517357408722168
1427,0.508724433018116
1428,0.501271873526081
1429,0.493387637049663
1430,0.485773862756805
1431,0.479688068041984
1432,0.475595164854387
1433,0.47353608598922
1434,0.472834796003092
1435,0.47141556365886
1436,0.46607995104714
1437,0.456582437470392
1438,0.448327757182766
1439,0.444688758941133
1440,0.443441755194056
1441,0.442058303440719
1442,0.439860912141529
1443,0.437294289595068
1444,0.434905364958792
1445,0.432844460493225
1446,0.430711465585553
1447,0.427716758388489
1448,0.423459452250984
1449,0.419086587335348
1450,0.416262030202222
1451,0.414781928923365
1452,0.413488000773531
1453,0.412184958232963
1454,0.411637445244249
1455,0.411466731792944
1456,0.408788466064331
1457,0.399221801959455
1458,0.385653817473291
1459,0.377321585576885
1460,0.374959399632493
1461,0.374217142771412
1462,0.373053051999116
1463,0.370077184121557
1464,0.363776829702823
1465,0.354028881383195
1466,0.344063678855097
1467,0.336912950809094
1468,0.331938811685255
1469,0.327546035619054
1470,0.32301641787466
1471,0.31749475144507
1472,0.309238514685159
1473,0.297887381867801
1474,0.287416669871895
1475,0.280699145553281
1476,0.275731941221255
1477,0.270790559745319
1478,0.266598783563768
1479,0.263602332046433
1480,0.26095441701219
1481,0.257798939449027
1482,0.254527598436829
1483,0.251959451476209
1484,0.25005789649597
1485,0.248092846769102
1486,0.245559834907433
1487,0.242301422911737
1488,0.238042582668341
1489,0.232617760319605
1490,0.226268012954131
1491,0.220218637446568
1492,0.215867320355148
1493,0.213405101942197
1494,0.212120361850551
1495,0.210987449769067
1496,0.208918297174115
1497,0.205813440544634
1498,0.20299561376004
1499,0.201201816325026
1500,0.19979557246073
1501,0.198281350460606
1502,0.196856836256479
1503,0.195338242150854
1504,0.193357288495744
1505,0.190099505413272
1506,0.185991485846419
1507,0.182958082624716
1508,0.180136728801063
1509,0.178300469628326
1510,0.178451437281733
1511,0.178494575071022
1512,0.177534262507759
1513,0.176042719924248
1514,0.175188507394042
1515,0.174970794806325
1516,0.174635025904475
1517,0.173779486459754
1518,0.173027308648774
1519,0.172950230930452
1520,0.173189417491112
1521,0.173293067653964
1522,0.173516791986641
1523,0.174509889648122
1524,0.176335769333805
1525,0.178330529532791
1526,0.180010970981268
1527,0.181301187572714
1528,0.182365863694259
1529,0.183549327790976
1530,0.185085522353556
1531,0.186799477218662
1532,0.188384791937933
1533,0.189624836709671
1534,0.190092422317088
1535,0.189970985574401
1536,0.189691386878656
1537,0.188964806347914
1538,0.187203025027936
1539,0.184235094976992
1540,0.181022583597868
1541,0.178340850538468
1542,0.176943895322104
1543,0.17658380264011
1544,0.175539020711258
1545,0.173174875728516
1546,0.170124295758664
1547,0.167399272959603
1548,0.164977079652817
1549,0.162044259263935
1550,0.157958936731726
1551,0.153087835885282
1552,0.148408077040989
1553,0.14407607216681
1554,0.139259739904119
1555,0.133946604496697
1556,0.12913413007543
1557,0.12488776095754
1558,0.120617081157814
1559,0.116721395777865
1560,0.114505107475345
1561,0.115851945971978
1562,0.119191335650868
1563,0.121977974088032
1564,0.12432409395882
1565,0.126150119687247
1566,0.127966213007883
1567,0.129757835326698
1568,0.131854444492372
1569,0.134825806934046
1570,0.138888299610078
1571,0.143170080464442
1572,0.14691761600744
1573,0.150128951895246
1574,0.15257195386713
1575,0.153461949185978
1576,0.151186567476178
1577,0.1457762697794
1578,0.140463556094563
1579,0.136977475241182
1580,0.134272584579617
1581,0.131458623454697
1582,0.128551421246783
1583,0.126072705014026
1584,0.124363462608445
1585,0.123475283406646
1586,0.123514042652954
1587,0.124661292063721
1588,0.126975290338908
1589,0.130494086872669
1590,0.134958533662093
1591,0.139482574665705
1592,0.14274114331701
1593,0.143658072264039
1594,0.141876241317
1595,0.137969749140764
1596,0.13336855433991
1597,0.129532850066178
1598,0.127065508044712
1599,0.125829242350583
1600,0.125585966693173
1601,0.126220303418569
1602,0.127586601216957
1603,0.129421143854418
1604,0.131552044537748
1605,0.133978190210409
1606,0.136696630732376
1607,0.139687942645561
1608,0.14289226427157
1609,0.146278292430249
1610,0.149775788562196
1611,0.153103627099541
1612,0.155995845530164
1613,0.158410941419359
1614,0.160414236613684
1615,0.161939484400612
1616,0.162826687733078
1617,0.163024413491097
1618,0.162989517908104
1619,0.163107874243896
1620,0.162936568949956
1621,0.161790198300364
1622,0.159027413844513
1623,0.154038521970262
1624,0.147454932903049
1625,0.141426410838295
1626,0.137061952901636
1627,0.133608150808734
1628,0.130286899553209
1629,0.12722374997687
1630,0.124995812675473
1631,0.123612612675212
1632,0.122649137389811
1633,0.121890781763795
1634,0.121314982302788
1635,0.121091727537854
1636,0.121692966967008
1637,0.1229278750936
1638,0.124552846122774
1639,0.12640078899238
1640,0.12782879454404
1641,0.128677543181056
1642,0.129119795658618
1643,0.129434257466964
1644,0.129602875714837
1645,0.129516288202739
1646,0.129615741737159
1647,0.130190130074709
1648,0.130538256572485
1649,0.130495955760118
1650,0.130361711088379
1651,0.130283272618233
1652,0.129931042301876
1653,0.129754241986598
1654,0.131190632852938
1655,0.13460009012993
1656,0.139160537531953
1657,0.143385557590146
1658,0.146789136447389
1659,0.149677706584847
1660,0.152684872248784
1661,0.156205463473991
1662,0.160405934873446
1663,0.165127452735734
1664,0.169756182252923
1665,0.174017249269597
1666,0.178037105420102
1667,0.181780096516043
1668,0.185243434379983
1669,0.188539380097201
1670,0.19163635245355
1671,0.19443723325865
1672,0.197220847227484
1673,0.200134310568552
1674,0.202464052917955
1675,0.20279017710002
1676,0.200887102787602
1677,0.198626632697722
1678,0.197075805362612
1679,0.195139115432694
1680,0.19153189116739
1681,0.186547296111982
1682,0.180760055394496
1683,0.173234243038277
1684,0.160483162094527
1685,0.143928910801507
1686,0.132915638391768
1687,0.128504085604839
1688,0.124971160304841
1689,0.119998535872093
1690,0.11379721054122
1691,0.107886385195927
1692,0.103103263939056
1693,0.099805828109375
1694,0.0979589055166518
1695,0.0969663884890777
1696,0.0963783840591747
1697,0.096611982679966
1698,0.0972366201731871
1699,0.0958648737348149
1700,0.0872878619778509
1701,0.0712114505434231
1702,0.0574125999586822
1703,0.0501799131948066
1704,0.0454699470821656
1705,0.0406722328535514
1706,0.0358446608145993
1707,0.0320067601941211
1708,0.0293052059670236
1709,0.0275426221194655
1710,0.0266720153451581
1711,0.0263264192091122
1712,0.0258801099621858
1713,0.0253873925850473
1714,0.0255838523882115
1715,0.0267846673943766
1716,0.0286096610629903
1717,0.0312308187245566
1718,0.0350448378500577
1719,0.038934182605411
1720,0.0418372459725536
1721,0.0442322089666898
1722,0.0466354448242284
1723,0.048561283108852
1724,0.0488765971936262
1725,0.0471618482457535
1726,0.0439591250697767
1727,0.0399089450587447
1728,0.0353835840334968
1729,0.0307635577904937
1730,0.0266300696139436
1731,0.023379798310101
1732,0.0212571539451216
1733,0.0207507878649185
1734,0.0212756111356467
1735,0.0206653627898757
1736,0.0189254317325004
1737,0.0179650625901828
1738,0.0182973107728732
1739,0.0193265035171399
1740,0.0201470834773502
1741,0.0208384971512846
1742,0.0222704508383158
1743,0.0246033737151107
1744,0.0272241594790366
1745,0.0297100963976971
1746,0.0322884420525322
1747,0.0354644111381877
1748,0.0397187772616904
1749,0.0454422324341123
1750,0.0528862176108285
1751,0.0613991457874576
1752,0.0696116577081744
1753,0.0769367973849658
1754,0.0838500290591844
1755,0.0908910541874745
1756,0.0979327515852204
1757,0.104115383454136
1758,0.108346659103338
1759,0.110049574802417
1760,0.108765916418776
1761,0.10386397773918
1762,0.0953465746344298
1763,0.0849291452816041
1764,0.0751917493627002
1765,0.0673582947527627
1766,0.0610757891306049
1767,0.055278083139946
1768,0.0490247440170075
1769,0.0425485724401377
1770,0.0369280060539136
1771,0.032488879116932
1772,0.0283207749486489
1773,0.0237297573213514
1774,0.0197547428482458
1775,0.0172018846851873
1776,0.0152382775438263
1777,0.0131360402325524
1778,0.0111515615698838
1779,0.00979057639713703
1780,0.00897778677923331
1781,0.00837592497330317
1782,0.00788322059487709
1783,0.00768693541224582
1784,0.00779776989095171
1785,0.00802538811069495
1786,0.00827884882614392
1787,0.00837931883000576
1788,0.00834360812529248
1789,0.00865363735922599
1790,0.00999208812918078
1791,0.0125761111584818
1792,0.0154537893579482
1793,0.0171572233713531
1794,0.0175765311255718
1795,0.0175837977129393
1796,0.0174081570503049
1797,0.0168337201369766
1798,0.0158994919575482
1799,0.0148502671841735
1800,0.013841099809647
1801,0.0127935792729257
1802,0.0114239611335495
1803,0.0095681759374188
1804,0.00739365369331398
1805,0.00536848113040649
1806,0.0039912908004437
1807,0.00321624943921699
1808,0.00263269605395384
1809,0.00213776228271837
1810,0.00205032658521694
1811,0.00237097771668355
1812,0.00251961678123259
1813,0.00215627596054974
1814,0.00153994050329706
1815,0.00102008959091833
1816,0.000699131560932249
1817,0.000604545535409758
1818,0.000770275890841435
1819,0.00096851097695402
1820,0.000919192209986617
1821,0.000675825480618954
1822,0.000555215092787551
1823,0.000747092233744446
1824,0.00109920517922272
1825,0.00129526499479748
1826,0.00108304087998797
1827,0.000539221634658087
1828,9.59128902584679e-05
1829,0.000317808008227709
1830,0.00127730195928226
1831,0.00206185281068966
1832,0.00206840670219435
1833,0.00173217463422207
1834,0.00152992063128622
1835,0.00146623726190792
1836,0.00139379900660073
1837,0.00145070886720763
1838,0.00170715046239105
1839,0.00173686178672006
1840,0.001244209501746
1841,0.000703194578586663
1842,0.000873509131542169
1843,0.00191981411868771
1844,0.00307750749499112
1845,0.00356555900855528
1846,0.00357321547917808
1847,0.00359299507982028
1848,0.00359597887408698
1849,0.00342527477554687
1850,0.0031656549078745
1851,0.00292656221937647
1852,0.00271292882740331
1853,0.00256757554050806
1854,0.00262701454974796
1855,0.00279870276927817
1856,0.00282104364149029
1857,0.00277935974614057
1858,0.00291746998553453
1859,0.00319533064884001
1860,0.00339800226369332
1861,0.00355926179245104
1862,0.00379664082515477
1863,0.00385878950585633
1864,0.00340177424108975
1865,0.00266116127162177
1866,0.00234167040400974
1867,0.00287194303160833
1868,0.00404920455330123
1869,0.00524763753961925
1870,0.00591725694609683
1871,0.00596864155910019
1872,0.00563232502783124
1873,0.00522661776784249
1874,0.0049702861296368
1875,0.00478067498606301
1876,0.00448813712474395
1877,0.0042214164041608
1878,0.00423773995050753
1879,0.00444503765983776
1880,0.00449277451373331
1881,0.00428928028051048
1882,0.00410995783014663
1883,0.00413416732685478
1884,0.00424818492239741
1885,0.00435878038247772
1886,0.00445124486505742
1887,0.00444627604758559
1888,0.0043816421951432
1889,0.00458431910910392
1890,0.00515359775787992
1891,0.00554413600714091
1892,0.00535403125687051
1893,0.00497367721060195
1894,0.00500086431283367
1895,0.00543844543683027
1896,0.0057903172783816
1897,0.00587772271177342
1898,0.00595787221288395
1899,0.00606501134402307
1900,0.00599201771060131
1901,0.00576999757698967
1902,0.00566543139223998
1903,0.00571233744456704
1904,0.00566832397435729
1905,0.00551016287651447
1906,0.00545229869782707
1907,0.00552329551760876
1908,0.00564320142241731
1909,0.00586700465397886
1910,0.00619950839978409
1911,0.0063808060753262
1912,0.00617502616968841
1913,0.00579724495721185
1914,0.00556163251884545
1915,0.00542366638081661
1916,0.00523357290145868
1917,0.00518322147667968
1918,0.00550893507312012
1919,0.00586117193339066
1920,0.0058170336295692
1921,0.00566708793289197
1922,0.00591737516412421
1923,0.00639237051835492
1924,0.0064408378363339
1925,0.00602579983333675
1926,0.00570585528926141
1927,0.00561431693493274
1928,0.0054737831864723
1929,0.00521997091617816
1930,0.00504638163146485
1931,0.00499587184841876
1932,0.00493285849502012
1933,0.00497944279003888
1934,0.00526199250753881
1935,0.00548654158019369
1936,0.00532332180179439
1937,0.00498452099222769
1938,0.00487472798210155
1939,0.00487942515193009
1940,0.00467543082492099
1941,0.00447238197654118
1942,0.00469672345972668
1943,0.0050326120689671
1944,0.0048124444492784
1945,0.00426440099009691
1946,0.00409987575401062
1947,0.00429388480615458
1948,0.00431622126455432
1949,0.00414060661728842
1950,0.00417410511356209
1951,0.00437862709464854
1952,0.00436433325494394
1953,0.00421513025995666
1954,0.0043106403783828
1955,0.00450328171449701
1956,0.00430866446080774
1957,0.00379423880130378
1958,0.00346408043459223
1959,0.00337491940512469
1960,0.00325307119532185
1961,0.00324919336305885
1962,0.00359528888596806
1963,0.00379843124494272
1964,0.00327417067862152
1965,0.00247696085977058
1966,0.0023380494356894
1967,0.00281452254121967
1968,0.0030933130741391
1969,0.00304709354206017
1970,0.00309197566258903
1971,0.00295228015237802
1972,0.00206284564384676
1973,0.000813232527025468
1974,0.000113360022636035
1975,5.78053128020008e-06
1976,0
1977,0.000438769808438529
1978,0.00198246444478914
1979,0.0040363065748113
1980,0.00534431737469621
1981,0.00574969695719231
1982,0.00594308673894252
1983,0.00606382205274711
1984,0.00584929354962055
1985,0.00565426164024425
1986,0.00606127624489709
1987,0.00678051580415731
1988,0.00700772185069199
1989,0.0067091925997634
1990,0.00653971781130693
1991,0.00666227888278319
1992,0.00662540303879124
1993,0.0062889656330612
1994,0.00591338641492187
1995,0.00545671752171663
1996,0.00476583836390831
1997,0.00424681433947227
1998,0.00440866960704456
1999,0.00490971916892006
2000,0.00495667256421343
2001,0.0044780789201681
2002,0.00401319702053959
2003,0.00363870405934979
2004,0.00301478090128914
2005,0.00234004765508465
2006,0.00219128816492513
2007,0.00250526818912295
2008,0.00267695462012997
2009,0.00263661050978785
2010,0.00275226542005825
2011,0.00283949618194836
2012,0.00239715242085288
2013,0.00161179735066232
2014,0.00114858293113606
2015,0.00116098843962555
2016,0.00139907648974936
2017,0.00196664327792196
2018,0.00296959735902091
2019,0.00380138536413659
2020,0.00388462263290111
2021,0.00366244185204321
2022,0.00384016368584078
2023,0.00416693848946205
2024,0.00400048610699073
2025,0.00361523056160329
2026,0.00377259425477676
2027,0.00435369974804228
2028,0.00458253368496067
2029,0.0043384176195621
2030,0.00412376621967974
2031,0.00404234450841803
2032,0.00389947591188749
2033,0.00396783633336948
2034,0.00460220204994811
2035,0.00542636185136982
2036,0.00589803263684191
2037,0.00619790440386604
2038,0.00660733798956569
2039,0.00665421632071441
2040,0.00588267078590408
2041,0.00491617054063263
2042,0.00476718732311278
2043,0.00546378941857828
2044,0.0063065165810814
2045,0.00703248843680358
2046,0.00777060209167984
2047,0.00836785230576984
2048,0.00870478806660675
2049,0.00923062047160367
2050,0.0102484172827762
2051,0.0111188118696701
2052,0.0110990866034307
2053,0.0105005309450811
2054,0.0102206145461098
2055,0.0104847766239023
2056,0.0107343654911646
2057,0.0106176103519717
2058,0.0103885375452261
2059,0.0103529012056097
2060,0.010556237423175
2061,0.0110045894240305
2062,0.011676585499889
2063,0.0123285514126144
2064,0.01269510032551
2065,0.0128118129483844
2066,0.0128216543928419
2067,0.0126649220312688
2068,0.012320943908446
2069,0.0120868766230039
2070,0.012197900440534
2071,0.0124133365889111
2072,0.0124100420626912
2073,0.012348715657714
2074,0.0125945963739885
2075,0.0131061751737578
2076,0.0135615581154555
2077,0.0138950827343294
2078,0.0142427181582609
2079,0.0145243438251644
2080,0.0145390581918539
2081,0.014344243994974
2082,0.0141698441458884
2083,0.0140794820655826
2084,0.0140226035074452
2085,0.0140572916937031
2086,0.0142164911394265
2087,0.0143521411607418
2088,0.0144008307220106
2089,0.0145689020751913
2090,0.0149386068479588
2091,0.0151678921765103
2092,0.0149625538366512
2093,0.0145791917908767
2094,0.0144514987541912
2095,0.0145505068072347
2096,0.0145634263052786
2097,0.0145037825237648
2098,0.0146478665834734
2099,0.015011061481908
2100,0.0153815795237595
2101,0.0157382243853062
2102,0.0161803261041058
2103,0.0165797715885549
2104,0.0167298342313505
2105,0.0167351665259256
2106,0.0168459598240211
2107,0.0170137619637951
2108,0.016994278436204
2109,0.0167891592803583
2110,0.0166191760993752
2111,0.0165564027853952
2112,0.0165225744635145
2113,0.0165451515238574
2114,0.016688658561269
2115,0.0168387453033454
2116,0.0168471753456103
2117,0.0167541445694171
2118,0.016599603578339
2119,0.0162209939655216
2120,0.0155574140112559
2121,0.0149449089821472
2122,0.0147420400012928
2123,0.0148324526562522
2124,0.0148856382762291
2125,0.0149099027057859
2126,0.0151002346527188
2127,0.0153012935556076
2128,0.0151288772041739
2129,0.0145498670674303
2130,0.0138609627267843
2131,0.0131616687857741
2132,0.0123493679808771
2133,0.0116392235479608
2134,0.0115475753076506
2135,0.0122225330707691
2136,0.0132071739218635
2137,0.0139600271042089
2138,0.01423017911592
2139,0.013970075232631
2140,0.0133609088650977
2141,0.01288701152158
2142,0.0128998149245639
2143,0.0131210588614622
2144,0.0130116808367232
2145,0.012514870315625
2146,0.0119862832917426
2147,0.0115869423536953
2148,0.0113027569280476
2149,0.0113296559930419
2150,0.0117487599089402
2151,0.0120213398795789
2152,0.0115455946787376
2153,0.0105163242661469
2154,0.009486735886079
2155,0.00834707390425906
2156,0.00670038056728225
2157,0.00514539891662487
2158,0.00498135653115805
2159,0.00633114799703014
2160,0.0078211636500324
2161,0.00868219720028199
2162,0.0096604342173433
2163,0.011417571459817
2164,0.013557854487735
2165,0.0154179987121552
2166,0.0167501708820562
2167,0.0175100191792944
2168,0.0176867657178114
2169,0.0175016922507522
2170,0.0172866135881709
2171,0.0170923955369352
2172,0.0167858845279972
2173,0.016471733841773
2174,0.0164267129694842
2175,0.016675382481518
2176,0.0169981038649127
2177,0.017264308482817
2178,0.0174061642751905
2179,0.0172728888854068
2180,0.0169294282338967
2181,0.0168778652247045
2182,0.0175117088775768
2183,0.0185142907105793
2184,0.0192582134519349
2185,0.0196012733623074
2186,0.0198168911393613
2187,0.0199959428654917
2188,0.0200183758793652
2189,0.0199206694809203
2190,0.0198303787538488
2191,0.0197065481800024
2192,0.0195420531393141
2193,0.0196169932963806
2194,0.0201311531723925
2195,0.0207754226898709
2196,0.021101891282317
2197,0.0211331961033953
2198,0.0211987913026722
2199,0.0213560430462953
2200,0.021423549968939
2201,0.0214640443994707
2202,0.0217757763221121
2203,0.0224174601906994
2204,0.0230813351175565
2205,0.0234323076314051
2206,0.0233468514125602
2207,0.0229197498462324
2208,0.0224452273443962
2209,0.0222568103556338
2210,0.0223865859662325
2211,0.0225294128826467
2212,0.0225045140476073
2213,0.0225135862279346
2214,0.0227488294684291
2215,0.023056833488468
2216,0.0232500695181892
2217,0.0234406588510473
2218,0.0237459194735087
2219,0.0239565020251626
2220,0.0238627832191505
2221,0.0236656661739587
2222,0.0236905330221107
2223,0.0238862099733472
2224,0.0239795471080542
2225,0.0239630631043513
2226,0.0240756072297824
2227,0.0244145487969342
2228,0.0248764783643662
2229,0.0253551807062928
2230,0.0257150166097099
2231,0.0257188676709009
2232,0.0252962202947779
2233,0.0247857761734543
2234,0.0246354467881832
2235,0.024928615940993
2236,0.0254040904346951
2237,0.0258290553961523
2238,0.02613608216694
2239,0.0263282992800868
2240,0.0264711553134754
2241,0.0266891069300436
2242,0.0269941057089938
2243,0.0272333654848957
2244,0.027341412653617
2245,0.0274786616409067
2246,0.0277609017042028
2247,0.0280365559392018
2248,0.028127173567517
2249,0.0281183188163905
2250,0.0282008116335944
2251,0.0283724271697309
2252,0.0285039587703894
2253,0.0285519426591729
2254,0.028568265339942
2255,0.0285818798683633
2256,0.0286638724405586
2257,0.028933744418414
2258,0.0293534387116676
2259,0.0296673622658804
2260,0.029693157585815
2261,0.0295746280679053
2262,0.0295538543760238
2263,0.0296997547473685
2264,0.0299329096364244
2265,0.0301956233237533
2266,0.0304110016683279
2267,0.030429520417505
2268,0.0302348515850597
2269,0.0300398890115218
2270,0.0300640129216051
2271,0.0302894634018222
2272,0.0305763298427236
2273,0.0308708378083887
2274,0.0311606875770657
2275,0.0313594406928959
2276,0.0314219898020512
2277,0.0314401966304496
2278,0.0315316969091735
2279,0.0316809667471795
2280,0.0318318780485122
2281,0.032017989510693
2282,0.0322730506077846
2283,0.032554887024553
2284,0.0327947098933111
2285,0.0330092900102885
2286,0.0331946419273451
2287,0.0333092821351714
2288,0.0333539409584112
2289,0.0334252355657901
2290,0.0335532525125786
2291,0.033637729964744
2292,0.03360953610822
2293,0.0335266492723827
2294,0.0334819078683873
2295,0.033437205000729
2296,0.0333687116056954
2297,0.0332803601371403
2298,0.0332398078449418
2299,0.0332024391840422
2300,0.033198517177443
2301,0.0332451057140231
2302,0.0333308389290326
2303,0.0333312387792848
2304,0.0332052630691177
2305,0.0330687116307128
2306,0.0330288629896882
2307,0.0331001567411021
2308,0.0332469793290155
2309,0.0334744617106191
2310,0.0337874773580616
2311,0.0341044560166873
2312,0.0344762180922686
2313,0.0349547490760502
2314,0.0355632873118655
2315,0.0360835901498444
2316,0.0364026534134355
2317,0.0364721627631353
2318,0.0363155092259272
2319,0.0358202731721079
2320,0.0350692650641254
2321,0.0344207513752901
2322,0.034283298308881
2323,0.0348319152134016
2324,0.0357217203167931
2325,0.036519738791326
2326,0.036716264475509
2327,0.0361945079452579
2328,0.0351539428171352
2329,0.0338734683708426
2330,0.0328141805285994
2331,0.0321893249878164
2332,0.032371914342645
2333,0.0331338005979951
2334,0.0340105300916516
2335,0.0346243048284497
2336,0.034893758312204
2337,0.0349860452588446
2338,0.0348685383042049
2339,0.0346800115159647
2340,0.0347317055567641
2341,0.0351911884239574
2342,0.0355089327207138
2343,0.0351761216919687
2344,0.0346026285319504
2345,0.0348891431850759
2346,0.0359991894729197
2347,0.0368817252549851
2348,0.0365777171403083
2349,0.0352854223202481
2350,0.0341084273741766
2351,0.0338327641001288
2352,0.0346124328003015
2353,0.0355691620187463
2354,0.0357573701184769
2355,0.035251344039782
2356,0.0347696853741929
2357,0.0347988118476822
2358,0.0351161959909284
2359,0.0356191808072349
2360,0.036119676273414
2361,0.0363877834454142
2362,0.03639011988555
2363,0.0361183026398121
2364,0.0357717571163254
2365,0.0353075191474424
2366,0.0347210336698469
2367,0.0342430956408452
2368,0.0339666118702416
2369,0.0338479317032697
2370,0.0339027700986056
2371,0.0341796717589559
2372,0.0346326957703789
2373,0.0351005280230274
2374,0.0354326698551076
2375,0.0355129010417405
2376,0.0352637191419314
2377,0.0347731146942138
2378,0.0342984836903533
2379,0.0340838620475903
2380,0.0341860067135715
2381,0.0345210212539428
2382,0.0349868643664801
2383,0.0354976384354354
2384,0.0359768549511565
2385,0.0363789523520974
2386,0.0367101040797275
2387,0.0369677511421179
2388,0.0371436229555076
2389,0.0372541259759576
2390,0.0373195551780529
2391,0.0373497130537538
2392,0.0373505262712923
2393,0.0373520045085583
2394,0.0373653005359865
2395,0.0373521125924385
2396,0.037305859974192
2397,0.0373022032720643
2398,0.0374100181858216
2399,0.0375847605270311
2400,0.037729037588358
2401,0.0378235742937024
2402,0.0379106729046881
2403,0.0379912096384942
2404,0.0380343226130236
2405,0.0380647882916006
2406,0.0381408063809399
2407,0.0382555321743491
2408,0.0383503344854353
2409,0.0384131943196541
2410,0.0384773008948757
2411,0.0385364673570396
2412,0.0385534919576006
2413,0.0385437558052924
2414,0.0385612222942745
2415,0.0386017622394517
2416,0.0386040098423977
2417,0.0385520792355473
2418,0.0385044584255281
2419,0.0385151504987972
2420,0.0385847514207861
2421,0.0386875271205451
2422,0.0387909200840227
2423,0.0388566056772245
2424,0.0388772602401577
2425,0.0389001443529154
2426,0.0389674334959487
2427,0.0390552174083033
2428,0.0391201222475746
2429,0.0391757201374324
2430,0.039265177553321
2431,0.0393892628708463
2432,0.0395192814163111
2433,0.0396504354599471
2434,0.0397866792856078
2435,0.0399082799074328
2436,0.0400114522367301
2437,0.0401409137691489
2438,0.0403229370948812
2439,0.0405058386845118
2440,0.0406273218291161
2441,0.040695761887278
2442,0.0407447347528363
2443,0.0407604629760549
2444,0.0407309431848626
2445,0.040720475478252
2446,0.040811453937524
2447,0.0410026121875335
2448,0.0412329965452502
2449,0.0414675826378391
2450,0.0416863194388813
2451,0.0418337583821447
2452,0.0418683686571052
2453,0.0418392106713104
2454,0.0418390659778539
2455,0.0419019004986766
2456,0.0420046667185528
2457,0.0421327147864478
2458,0.0422760558026162
2459,0.0423957558039939
2460,0.042466118342012
2461,0.0425241638282038
2462,0.0426139930699364
2463,0.0427125883137807
2464,0.0427723520884331
2465,0.042801836492671
2466,0.0428411124649919
2467,0.0428938566800146
2468,0.0429495554015308
2469,0.0430347381646692
2470,0.0431703280350395
2471,0.0433110593754363
2472,0.0434014692448079
2473,0.0434659352047577
2474,0.0435788122368273
2475,0.0437722006221819
2476,0.0440283024874651
2477,0.0443247797630733
2478,0.0446224669439018
2479,0.0448520423251787
2480,0.0449897701004932
2481,0.0451136382380524
2482,0.0453115898716866
2483,0.0455643731689237
2484,0.0457893042048951
2485,0.045965310189056
2486,0.046134122067577
2487,0.046306154628129
2488,0.0464550811670582
2489,0.0465993713827475
2490,0.0468113415449318
2491,0.0471324260808709
2492,0.0475261889075218
2493,0.0479163286058869
2494,0.0482434892240913
2495,0.0485060543075096
2496,0.0487712631245207
2497,0.0491094810346817
2498,0.0494907134686245
2499,0.0498013380355734
2500,0.0500023727126099
2501,0.0502112499705526
2502,0.0505588752483307
2503,0.0510219829240798
2504,0.0514705402351873
2505,0.0518316255415412
2506,0.0521308369528354
2507,0.0524025373358301
2508,0.0526382517296693
2509,0.0528062988416827
2510,0.05286428076727
2511,0.0527836276382711
2512,0.0526162447813783
2513,0.0525007671279795
2514,0.0525335893019586
2515,0.0526530875147931
2516,0.0527096471144267
2517,0.0526217211722824
2518,0.0524153132446386
2519,0.0521568170240272
2520,0.0519147956221018
2521,0.0517501008468323
2522,0.0516603346936332
2523,0.0515498230355409
2524,0.0513241934254883
2525,0.0510032819604912
2526,0.0506854394956899
2527,0.0504219799202023
2528,0.0501881406793765
2529,0.0499583887133024
2530,0.0497423534434019
2531,0.049548741515624
2532,0.0493649305957166
2533,0.0491718161446298
2534,0.0489480845200387
2535,0.0486816382793833
2536,0.0484083520030989
2537,0.04820699728686
2538,0.0481151952603127
2539,0.048079618008603
2540,0.048031024007326
2541,0.0479705373383927
2542,0.047939293848618
2543,0.047948637957739
2544,0.0479927200786422
2545,0.0480893594640934
2546,0.0482435831728368
2547,0.048400811397446
2548,0.0485008555944747
2549,0.0485574090959953
2550,0.0486299586921797
2551,0.0487366625867042
2552,0.0488459640240541
2553,0.0489346982553111
2554,0.0490063113751649
2555,0.0490691673971759
2556,0.0491386502196385
2557,0.0492398031132497
2558,0.0493693518458282
2559,0.0494805910476382
2560,0.0495431457982573
2561,0.0495914591295585
2562,0.0496773996971949
2563,0.0498073749437958
2564,0.0499637601701819
2565,0.0501502766153201
2566,0.0503672747850393
2567,0.050569819979885
2568,0.0506992410357891
2569,0.0507418083453571
2570,0.0507280185688886
2571,0.0507015353828075
2572,0.0507137319589818
2573,0.0508076579138398
2574,0.0509702786208754
2575,0.0511357973010404
2576,0.0512711724024672
2577,0.0514164448477003
2578,0.0516054280965434
2579,0.0517963487940122
2580,0.0519322382692828
2581,0.0520300912864713
2582,0.0521521935578827
2583,0.0523149528815563
2584,0.0524758372838255
2585,0.0525901116029076
2586,0.0526402834097731
2587,0.0526353722551875
2588,0.0526198876951548
2589,0.052657256848519
2590,0.0527651043210205
2591,0.0528899171557099
2592,0.0529799539449987
2593,0.0530556819076636
2594,0.0531754371320993
2595,0.0533593432939919
2596,0.0535786420570181
2597,0.0537893120131599
2598,0.0539474778626396
2599,0.0540298653382375
2600,0.0540757852184815
2601,0.0541730092449315
2602,0.0543616810627168
2603,0.0545806158715281
2604,0.0547395112894447
2605,0.0548122415490957
2606,0.0548294145382558
2607,0.0548253559525555
2608,0.0548360572648847
2609,0.0549082387858234
2610,0.0550556463622943
2611,0.0552291615516839
2612,0.0553733800947784
2613,0.0554882238576569
2614,0.0555990502394779
2615,0.0556992157807487
2616,0.0557697742403711
2617,0.0558286999087356
2618,0.0559111180242967
2619,0.0560202215492263
2620,0.0561407422208339
2621,0.0562800432818588
2622,0.0564487277788239
2623,0.0566165507526487
2624,0.0567371235732035
2625,0.0568100739157499
2626,0.0568792910995271
2627,0.0569749356188814
2628,0.0570927133500915
2629,0.0572270629264707
2630,0.0573885406646615
2631,0.0575841881039346
2632,0.0578023837173075
2633,0.0580177648087052
2634,0.0582006579101077
2635,0.0583334303799368
2636,0.0584330964900482
2637,0.058544263552321
2638,0.0586947068483586
2639,0.0588742449771931
2640,0.0590690301572256
2641,0.0592908486924712
2642,0.0595493726545947
2643,0.0598172842478349
2644,0.0600526885929579
2645,0.0602434533936676
2646,0.0604090341426026
2647,0.060573639511067
2648,0.0607572999684025
2649,0.0609752661067951
2650,0.0612201282981686
2651,0.0614576874141752
2652,0.0616647735401491
2653,0.061860423029314
2654,0.0620778221730229
2655,0.0623160982939009
2656,0.0625420925258556
2657,0.0627330555576665
2658,0.0628984913846074
2659,0.0630644700331555
2660,0.0632496287486685
2661,0.0634468459973228
2662,0.0636150627945631
2663,0.0637033517269698
2664,0.0637018053874374
2665,0.063662280742249
2666,0.0636568826490827
2667,0.0637236712302258
2668,0.0638577537418543
2669,0.0640321221164226
2670,0.0642082470093236
2671,0.0643470071287472
2672,0.0644389417333159
2673,0.0645162704924129
2674,0.0646140266608009
2675,0.0647276907068794
2676,0.0648279241582189
2677,0.0649066947253736
2678,0.0649861793736675
2679,0.0650899455984909
2680,0.0652278179617958
2681,0.065403368831402
2682,0.065612607277542
2683,0.0658349535029428
2684,0.0660447300385359
2685,0.0662341306929154
2686,0.0664119968375463
2687,0.0665813104833396
2688,0.0667318828065674
2689,0.0668541237629928
2690,0.0669475923435808
2691,0.067017247415918
2692,0.0670723559400731
2693,0.0671289678784472
2694,0.067204251113636
2695,0.0673066688251869
2696,0.0674346886629274
2697,0.0675820841688069
2698,0.0677416353080428
2699,0.0679083825339135
2700,0.0680816349972514
2701,0.0682588783777688
2702,0.0684324533978142
2703,0.0686045964337952
2704,0.0687996213492438
2705,0.069039212864336
2706,0.0693031561247417
2707,0.0695389688405473
2708,0.069720191625478
2709,0.0698740835928845
2710,0.070042669478104
2711,0.0702390097123893
2712,0.0704524991803942
2713,0.0706716511473527
2714,0.0708828845818456
2715,0.0710689170848762
2716,0.0712314006775857
2717,0.0713977472194575
2718,0.0715826918632301
2719,0.0717593196372283
2720,0.0718944898156822
2721,0.0720022459613427
2722,0.0721326716942024
2723,0.0723090136080285
2724,0.0725011328562003
2725,0.0726658396560404
2726,0.0727972900741376
2727,0.0729308005021238
2728,0.0731033180869579
2729,0.0733121769882348
2730,0.0735110748372368
2731,0.0736530319275868
2732,0.0737373403303299
2733,0.0738009704739912
2734,0.0738633240308136
2735,0.073900779977232
2736,0.0738893361196507
2737,0.0738540487012797
2738,0.0738535446818647
2739,0.0739215899497578
2740,0.0740412132630822
2741,0.0741724829089834
2742,0.074288654740641
2743,0.0743844615056561
2744,0.0744630227196593
2745,0.0745246705797563
2746,0.0745702562786587
2747,0.0746149032667226
2748,0.0746937803584922
2749,0.0748432368018996
2750,0.0750728868559029
2751,0.0753615021611406
2752,0.0756758762208857
2753,0.0759824891509235
2754,0.0762479560544663
2755,0.076454317381253
2756,0.0766235482974067
2757,0.0768075354835832
2758,0.0770392153190746
2759,0.0773043704726209
2760,0.0775694518564005
2761,0.0778213212079194
2762,0.0780655283587773
2763,0.0782977639425899
2764,0.0784977959916393
2765,0.0786534422146591
2766,0.0787803526835491
2767,0.0789149928386591
2768,0.0790871822431029
2769,0.0792948421717398
2770,0.0795056074400134
2771,0.0796888840549271
2772,0.0798468012793047
2773,0.0800115038119432
2774,0.0802196432261718
2775,0.080497458298895
2776,0.0808561177642441
2777,0.0812750131991413
2778,0.0816935545988412
2779,0.0820500892439341
2780,0.0823396706195635
2781,0.0826160831552648
2782,0.0829313674700538
2783,0.0832892306981497
2784,0.0836558339108757
2785,0.0839849672409048
2786,0.0842236359441449
2787,0.0843307064782046
2788,0.0843213281440914
2789,0.0842789169467852
2790,0.0842988599434106
2791,0.084421973718081
2792,0.0846283216974597
2793,0.0848748206569144
2794,0.0851160864136237
2795,0.0853060120472284
2796,0.0854181132130129
2797,0.0854801549602844
2798,0.0855769420373011
2799,0.0858018377141115
2800,0.0861925603541202
2801,0.0867032515891239
2802,0.0872375120312946
2803,0.0877193912426769
2804,0.088141358557774
2805,0.0885434161724889
2806,0.0889505138895296
2807,0.0893434124216577
2808,0.0896945012169847
2809,0.0900204601366179
2810,0.0903903998754658
2811,0.0908807755791486
2812,0.0915164699375618
2813,0.0922472721314085
2814,0.0929833626894633
2815,0.0936622250925769
2816,0.0942821606318897
2817,0.0948715610687452
2818,0.0954424906738189
2819,0.0959900973620044
2820,0.0965219130794474
2821,0.0970620688093084
2822,0.0976291264520974
2823,0.0982324115286323
2824,0.0988884045587674
2825,0.0996136421107125
2826,0.100399896290432
2827,0.101222388442003
2828,0.102084584936509
2829,0.103036485362797
2830,0.104134662331548
2831,0.105404119789355
2832,0.106854022900906
2833,0.108517784692106
2834,0.110459425473609
2835,0.112736333708474
2836,0.11536281582254
2837,0.118313927281618
2838,0.121557160835854
2839,0.125062469536373
2840,0.128762220109585
2841,0.132487607179909
2842,0.135970106525302
2843,0.138935236317432
2844,0.141204549724654
2845,0.142732657693242
2846,0.143594832774361
2847,0.143971026688248
2848,0.144108181180501
2849,0.144231351267191
2850,0.144458691698248
2851,0.144810294522813
2852,0.145283375199195
2853,0.145890691123221
2854,0.146634914829724
2855,0.147480358629483
2856,0.148365578978148
2857,0.149232377384575
2858,0.150051798619024
2859,0.150851434773152
2860,0.151718054220213
2861,0.152739365262161
2862,0.153929576935219
2863,0.155221383894156
2864,0.156518567361673
2865,0.157733075916385
2866,0.158773147448865
2867,0.159531752455784
2868,0.159901663269034
2869,0.159785310154867
2870,0.159102127077348
2871,0.157833026936242
2872,0.156090499024259
2873,0.154123998872895
2874,0.152227403941374
2875,0.150619727004447
2876,0.149388952141735
2877,0.148523175312609
2878,0.147976739805627
2879,0.147727134237756
2880,0.147785523809095
2881,0.148160799653386
2882,0.14882631511628
2883,0.149737445681658
2884,0.150873393347016
2885,0.152237165046496
2886,0.153815962816378
2887,0.155561956893465
2888,0.157419429286978
2889,0.159344898468296
2890,0.161293850066262
2891,0.163209056240656
2892,0.16503235107931
2893,0.166720428269279
2894,0.168250471732183
2895,0.169632920223587
2896,0.170925491519112
2897,0.172209931575319
2898,0.173529153023446
2899,0.174845441619897
2900,0.176059352303428
2901,0.177076710994773
2902,0.177866514041845
2903,0.178505969355039
2904,0.179139586418638
2905,0.179898221292868
2906,0.180829669847111
2907,0.181897890737012
2908,0.183056669862256
2909,0.184297007730548
2910,0.185627827317708
2911,0.187042455527953
2912,0.188532091260443
2913,0.190121096586167
2914,0.191875483438777
2915,0.193874536155903
2916,0.19617943862908
2917,0.198805670041241
2918,0.201704206201628
2919,0.204762674075385
2920,0.207828216906678
2921,0.210740193515841
2922,0.213339400940736
2923,0.215470040161096
2924,0.216987061678151
2925,0.217778387548272
2926,0.217794836967093
2927,0.217058411331681
2928,0.215654550482893
2929,0.213711345671942
2930,0.211386230678199
2931,0.208843537568415
2932,0.206217437852202
2933,0.203591667896286
2934,0.201011655598824
2935,0.198516451077561
2936,0.196142774755366
2937,0.193910773089805
2938,0.191829149596359
2939,0.189919644859738
2940,0.188222260506509
2941,0.186770875080844
2942,0.18559023737945
2943,0.184720275322973
2944,0.184217979624121
2945,0.184106161494377
2946,0.184332542937594
2947,0.184795491984882
2948,0.185387245812585
2949,0.185990573927005
2950,0.18644682599615
2951,0.186582620270933
2952,0.186279010069906
2953,0.185499703138525
2954,0.184252560221871
2955,0.182545256225072
2956,0.180395152322574
2957,0.177854894220365
2958,0.175014386893906
2959,0.171973347508769
2960,0.16881589186305
2961,0.165603315808106
2962,0.162373030777028
2963,0.159144082742446
2964,0.155920612843636
2965,0.15269632033023
2966,0.149468130574999
2967,0.146258844355074
2968,0.143126454571428
2969,0.140132651952955
2970,0.13729578487566
2971,0.134578951717383
2972,0.131933882644519
2973,0.129361966977708
2974,0.126931308751173
2975,0.124730908559645
2976,0.122790354379414
2977,0.121043499659584
2978,0.119386522770457
2979,0.117777322141452
2980,0.116270993476825
2981,0.114949065959035
2982,0.113838903330722
2983,0.112911357937818
2984,0.11212305436562
2985,0.111427983592175
2986,0.110762602430138
2987,0.11006160868166
2988,0.109285915089766
2989,0.108408894753457
2990,0.10739674165944
2991,0.106254262894653
2992,0.105091251826632
2993,0.104088374450508
2994,0.103358879814534
2995,0.102866758401241
2996,0.102495623671178
2997,0.102172367554464
2998,0.101906118483905
2999,0.101733257208111
3000,0.101661930775898
3001,0.101658812055729
3002,0.101668339900779
3003,0.101648720367959
3004,0.10159918893522
3005,0.101552112463527
3006,0.101530687462998
3007,0.101520815590418
3008,0.101485633379599
3009,0.101394478900337
3010,0.101236082640463
3011,0.101022690279245
3012,0.100791697359517
3013,0.100590650716877
3014,0.100448306967622
3015,0.10036475537927
3016,0.100329880083771
3017,0.100339042629461
3018,0.100394162078724
3019,0.100505457716767
3020,0.100691560694138
3021,0.100952314631269
3022,0.101236995767001
3023,0.101468208553058
3024,0.101614561116807
3025,0.101724016941805
3026,0.101868123183291
3027,0.102068972488223
3028,0.102294435419644
3029,0.102507324606408
3030,0.10269237264268
3031,0.102842328140019
3032,0.102948881081828
3033,0.10302070377466
3034,0.10309850739869
3035,0.103234392986534
3036,0.103446458952626
3037,0.10369153367656
3038,0.103891290814332
3039,0.104003518725801
3040,0.104069331137258
3041,0.104180334604921
3042,0.104395514506906
3043,0.10469993595349
3044,0.105045351617784
3045,0.105407082478007
3046,0.1057865673849
3047,0.106172751306036
3048,0.106526588627849
3049,0.10681304333404
3050,0.107041347798258
3051,0.107266024846813
3052,0.107543756276176
3053,0.107886633734259
3054,0.108255148792321
3055,0.108595089085939
3056,0.108879658884941
3057,0.109124513461163
3058,0.109367790483407
3059,0.109633974950745
3060,0.10990800526085
3061,0.110137318226273
3062,0.110270477366028
3063,0.110300216720139
3064,0.110266709395232
3065,0.110219107528896
3066,0.110185480967762
3067,0.110183043222764
3068,0.110232209768099
3069,0.11033845800599
3070,0.110471851108587
3071,0.110588659079639
3072,0.110670998117382
3073,0.110727059215879
3074,0.1107604842815
3075,0.110766045146267
3076,0.110760806447285
3077,0.110796105993281
3078,0.110918653190559
3079,0.111127444996383
3080,0.111379460867492
3081,0.111630281617153
3082,0.111861743743586
3083,0.112079884425932
3084,0.112303023656016
3085,0.112553839896355
3086,0.112852547626539
3087,0.113203122616408
3088,0.113583907483234
3089,0.11396191646975
3090,0.114323127097887
3091,0.114683675295632
3092,0.115057581390917
3093,0.115420017686984
3094,0.115721817467366
3095,0.11594446005736
3096,0.116118788514997
3097,0.116279590161108
3098,0.116426276683679
3099,0.116549502135455
3100,0.116678180038697
3101,0.11686633141085
3102,0.117133876450344
3103,0.117441749625121
3104,0.117727921166186
3105,0.117952937392786
3106,0.118118495925471
3107,0.118266812006961
3108,0.118463417076984
3109,0.118759084475629
3110,0.119148767506384
3111,0.119575247965788
3112,0.11997558984954
3113,0.120320111245804
3114,0.120617846315323
3115,0.120906509609079
3116,0.121238982999541
3117,0.121655080196236
3118,0.1221509597283
3119,0.122683260069297
3120,0.123209554641109
3121,0.123717385714815
3122,0.124216223661607
3123,0.124718533650035
3124,0.125233750381856
3125,0.125766418950668
3126,0.126308338051854
3127,0.126835130919762
3128,0.127322212132036
3129,0.127767402811538
3130,0.128196814028236
3131,0.128651237817325
3132,0.129163551697873
3133,0.129735830379286
3134,0.130329180229033
3135,0.130882391969505
3136,0.131352011109192
3137,0.131744137920849
3138,0.132116594474599
3139,0.132549197663209
3140,0.133095714810417
3141,0.133748660560011
3142,0.13444824026997
3143,0.135129566152986
3144,0.135759081297979
3145,0.136332448886221
3146,0.136855846586447
3147,0.137333796028264
3148,0.137762011722497
3149,0.138121280303463
3150,0.138391740569722
3151,0.138589107736293
3152,0.138771597117479
3153,0.138991980986019
3154,0.139244905411141
3155,0.139477188934574
3156,0.139649750659943
3157,0.13977687481458
3158,0.139909108554212
3159,0.140090474180609
3160,0.140323557140714
3161,0.140559182932284
3162,0.140717639429087
3163,0.1407424372678
3164,0.14064860516244
3165,0.140516357808449
3166,0.140430027696861
3167,0.140416020782517
3168,0.140433321853728
3169,0.140416895462176
3170,0.140334396669241
3171,0.140209193398598
3172,0.140088612319809
3173,0.13999139827824
3174,0.139893874387532
3175,0.139767585473667
3176,0.13961668715388
3177,0.139468010520972
3178,0.139334589944651
3179,0.139201458422536
3180,0.139041649544069
3181,0.138835402565336
3182,0.138576967705763
3183,0.138275020594295
3184,0.137948089120884
3185,0.137613391614438
3186,0.137282564358013
3187,0.136967877910363
3188,0.136682332999751
3189,0.136422738079766
3190,0.136166394201644
3191,0.135898270729621
3192,0.135630749057007
3193,0.135384141483321
3194,0.135153673569097
3195,0.134913055067397
3196,0.134647748989571
3197,0.134371220467444
3198,0.134108059989554
3199,0.133869383354972
3200,0.13364312248752
3201,0.133401750843662
3202,0.133127610184473
3203,0.132841737924326
3204,0.132597810283037
3205,0.13243311936339
3206,0.132330274991375
3207,0.132241222808728
3208,0.132142328511227
3209,0.13204441162518
3210,0.131951213444105
3211,0.131834254487692
3212,0.13166469960376
3213,0.131457056814327
3214,0.13126229251979
3215,0.131114444840442
3216,0.130992049194898
3217,0.130840981311779
3218,0.130633225145703
3219,0.130394870183677
3220,0.130174443842554
3221,0.129993657355809
3222,0.129840787015176
3223,0.129702704235268
3224,0.129579168063565
3225,0.129466804780297
3226,0.129353317163672
3227,0.129234561259591
3228,0.129113881421021
3229,0.128978383857116
3230,0.128797837914838
3231,0.128560238184172
3232,0.12829270806106
3233,0.128040003481996
3234,0.127843578344371
3235,0.127747183271758
3236,0.127781684188303
3237,0.127917655806999
3238,0.128066950179521
3239,0.128170929836087
3240,0.128272905976844
3241,0.128452179866785
3242,0.128689933893512
3243,0.128839335175308
3244,0.128749384576502
3245,0.128410753184278
3246,0.127972009647897
3247,0.12762553962582
3248,0.12746952446923
3249,0.127464145808953
3250,0.12750538786782
3251,0.127521966391841
3252,0.127502377629
3253,0.127453778864889
3254,0.127374414424794
3255,0.127278812666979
3256,0.127210704040775
3257,0.127200685454218
3258,0.127229843235437
3259,0.127261305208662
3260,0.127291063252822
3261,0.12733986125505
3262,0.127411886775093
3263,0.127490939769264
3264,0.127565657052793
3265,0.127622819882421
3266,0.127631945693944
3267,0.127576644380521
3268,0.127499377659327
3269,0.127483069855889
3270,0.127577242620921
3271,0.127761835433607
3272,0.127978431681606
3273,0.128176156354444
3274,0.128334505425038
3275,0.128472020634581
3276,0.128634075410958
3277,0.128844936906674
3278,0.129073021979973
3279,0.129270275325086
3280,0.129441484761621
3281,0.129638163515084
3282,0.129881793705999
3283,0.130128771158097
3284,0.130322947807986
3285,0.130450050989333
3286,0.130525207200337
3287,0.130560751388156
3288,0.130574187068271
3289,0.130606662374621
3290,0.13069880807987
3291,0.13084683878329
3292,0.13100114083474
3293,0.131111330838218
3294,0.131166339705035
3295,0.131200665152983
3296,0.13127269652557
3297,0.131425963232907
3298,0.131655369602364
3299,0.131912464213955
3300,0.132148156749756
3301,0.132348098671775
3302,0.132525923238246
3303,0.132698714031318
3304,0.132884278872081
3305,0.133106932325607
3306,0.133381017761969
3307,0.133686263798294
3308,0.13397784489909
3309,0.134228701501718
3310,0.134455254971752
3311,0.134692134876485
3312,0.134944927913972
3313,0.135182893219194
3314,0.135381861799366
3315,0.135566024072074
3316,0.135795913417888
3317,0.136109624128551
3318,0.136482024420308
3319,0.136850641474934
3320,0.137179136863073
3321,0.13748634570538
3322,0.137813153341005
3323,0.138173187929606
3324,0.138547742159119
3325,0.1389238723108
3326,0.139322538399489
3327,0.13978065772601
3328,0.14030672410077
3329,0.140864196548257
3330,0.141401229248781
3331,0.141887575478079
3332,0.142320695740638
3333,0.142706630574547
3334,0.143048285747953
3335,0.143351487333459
3336,0.143629611743604
3337,0.143896689770116
3338,0.144166142753376
3339,0.144461282442888
3340,0.144815557398585
3341,0.145250347648415
3342,0.145755766219409
3343,0.14630112200328
3344,0.146865079489069
3345,0.147450755509032
3346,0.148066603571608
3347,0.148696879108141
3348,0.149294985062872
3349,0.14981729370165
3350,0.150272310605203
3351,0.150726116787804
3352,0.15124715282829
3353,0.151843378640418
3354,0.152463755518371
3355,0.153056480143929
3356,0.153603660811623
3357,0.154096178743474
3358,0.154504791477131
3359,0.154800704146382
3360,0.15498564709988
3361,0.155078269498207
3362,0.155064639858198
3363,0.154882092557263
3364,0.154463882654433
3365,0.1537885184454
3366,0.152885986723758
3367,0.151801664981286
3368,0.150556429537
3369,0.14914902783261
3370,0.147583743097757
3371,0.14588910137283
3372,0.144102081527354
3373,0.142238404046069
3374,0.140298533507189
3375,0.138300767723739
3376,0.136288238066487
3377,0.134294855415178
3378,0.132322076263246
3379,0.130367062221684
3380,0.128462835681064
3381,0.12666673808149
3382,0.125008210814311
3383,0.123469286338045
3384,0.122014961830703
3385,0.12063258914799
3386,0.119337510388485
3387,0.118148477526401
3388,0.117066456325387
3389,0.116068109884439
3390,0.115121801451935
3391,0.114210582357456
3392,0.113340078033898
3393,0.112527716169856
3394,0.111788960642177
3395,0.111131322793092
3396,0.110544626785567
3397,0.109983754651142
3398,0.109377134147912
3399,0.1086798144861
3400,0.107923830387814
3401,0.107201085605117
3402,0.106592362450958
3403,0.106117002348169
3404,0.105734234298479
3405,0.105377808137126
3406,0.104992241703909
3407,0.104554227576989
3408,0.104075113636973
3409,0.1035834173485
3410,0.103109896730121
3411,0.10268829712028
3412,0.102355811536172
3413,0.102134950616906
3414,0.102007479222027
3415,0.101917212657522
3416,0.101807359410087
3417,0.101650493352771
3418,0.101444381999709
3419,0.101190305486002
3420,0.100878787789773
3421,0.100491505739314
3422,0.100018052646633
3423,0.0994777026933244
3424,0.0989207020647051
3425,0.0983994284725566
3426,0.097937635800576
3427,0.0975265023438102
3428,0.0971461102167199
3429,0.0967870965474027
3430,0.0964521255550019
3431,0.0961374124401879
3432,0.0958204127117316
3433,0.0954761883330896
3434,0.0951098762451147
3435,0.0947697472709712
3436,0.0945096374181167
3437,0.0943316227457252
3438,0.0941709521611717
3439,0.0939583580579263
3440,0.0937021607611098
3441,0.0934790694998229
3442,0.0933379960072709
3443,0.0932317011073188
3444,0.0930616895612926
3445,0.0927803852901604
3446,0.0924277094513222
3447,0.0920699129420753
3448,0.0917262942362438
3449,0.0913685501014134
3450,0.0909701626819698
3451,0.0905313799677591
3452,0.0900746420260487
3453,0.0896364683816507
3454,0.0892541154821157
3455,0.0889492161648816
3456,0.0887139121613827
3457,0.088514993257767
3458,0.0883143755495167
3459,0.0880999169373656
3460,0.0878999600027
3461,0.0877459609487002
3462,0.0876246728028658
3463,0.0874777590644801
3464,0.0872535745568727
3465,0.0869519264293916
3466,0.0866101971513153
3467,0.0862609514003824
3468,0.0859141490528674
3469,0.0855677709670473
3470,0.0852182971510516
3471,0.084856396562946
3472,0.0844666818003649
3473,0.0840444095672569
3474,0.0836155722970087
3475,0.0832314076759813
3476,0.0829267034646326
3477,0.0826838662679365
3478,0.0824531310380561
3479,0.0822063693313016
3480,0.0819584946105238
3481,0.0817331592458666
3482,0.0815168793903525
3483,0.0812672977998834
3484,0.0809628486407377
3485,0.0806266270532538
3486,0.0803052629168542
3487,0.0800356705375935
3488,0.0798160048642481
3489,0.0795962578317174
3490,0.0793108045866243
3491,0.0789314449176812
3492,0.0784899424413606
3493,0.0780543711898273
3494,0.077694091633483
3495,0.0774646240365817
3496,0.077392739270042
3497,0.077445674687786
3498,0.0775353181443277
3499,0.0775803174977411
3500,0.0775653936126173
3501,0.077531408722348
3502,0.0775062528684351
3503,0.0774419796569408
3504,0.0772284217239342
3505,0.0767931474904916
3506,0.0761779019949569
3507,0.0755178903066294
3508,0.0749727694869123
3509,0.0746329814413098
3510,0.0744321556901912
3511,0.0741821799017942
3512,0.0737524795634938
3513,0.0731822158002817
3514,0.0726044138313924
3515,0.0721371217294619
3516,0.0718557218377742
3517,0.0717906184055453
3518,0.0718900919631841
3519,0.0720147697034138
3520,0.0720285789823983
3521,0.071926710772004
3522,0.0718557571864311
3523,0.0719595620998267
3524,0.0721920081418062
3525,0.0723211077156819
3526,0.0721465025644428
3527,0.0716608989160601
3528,0.0710011236456752
3529,0.0703176322350832
3530,0.0696962555122129
3531,0.0691505988334349
3532,0.0686495749666095
3533,0.0681608245539023
3534,0.0676984685555027
3535,0.0673344769056403
3536,0.067132979127843
3537,0.0670686575082784
3538,0.0670378287790143
3539,0.0669669859725279
3540,0.0668741833258833
3541,0.0668156916975662
3542,0.066821526138482
3543,0.0668936069690952
3544,0.0670337970447757
3545,0.067224080409222
3546,0.0673531392672308
3547,0.0672376355488619
3548,0.0667747027493338
3549,0.0660418876249963
3550,0.0652349847036312
3551,0.0645503813236422
3552,0.0641079354801426
3553,0.0638866687292964
3554,0.0637304600032564
3555,0.0634874971209279
3556,0.0631284059345174
3557,0.062730679768239
3558,0.0624283538057379
3559,0.0623564444681628
3560,0.0625798188891791
3561,0.0630269025641984
3562,0.0634929145100794
3563,0.0637610773093218
3564,0.0637638211193523
3565,0.0636357389204409
3566,0.0635657770696239
3567,0.0634892378103644
3568,0.0630391075996666
3569,0.0621167405408028
3570,0.0610770074868159
3571,0.0601867030059819
3572,0.0594625211807226
3573,0.0588636398031872
3574,0.0583653624165855
3575,0.0579446751830544
3576,0.0575849490150752
3577,0.0573061449865881
3578,0.0571670658421675
3579,0.0572325519131445
3580,0.0574999362000463
3581,0.0578758429278584
3582,0.0582032821069806
3583,0.0583378720469273
3584,0.0582295830171673
3585,0.0579780681518335
3586,0.0578284439466762
3587,0.0579896101664928
3588,0.0583076687296822
3589,0.0583580313490152
3590,0.0580034023256297
3591,0.0574489827455032
3592,0.0569194754756683
3593,0.0565840020017008
3594,0.0565153843740641
3595,0.0565978333546193
3596,0.056576367414984
3597,0.0562989651709866
3598,0.0558200564721492
3599,0.0553354856659185
3600,0.0550099168048547
3601,0.054880065472874
3602,0.0548885476468015
3603,0.0549435324920187
3604,0.0549695583384227
3605,0.0550003882407228
3606,0.0552264105393558
3607,0.0558462098797713
3608,0.0567703448238832
3609,0.0574903335743519
3610,0.0575440853756197
3611,0.0570287834876186
3612,0.0564269370940309
3613,0.056119274972202
3614,0.0561158623543552
3615,0.0561111981937382
3616,0.055804245267578
3617,0.0551352428200889
3618,0.0542625899494034
3619,0.0534315658952281
3620,0.05283373707526
3621,0.0525880279022029
3622,0.0527497958550479
3623,0.0531707078039811
3624,0.0535579093950579
3625,0.0537272848836879
3626,0.0537694875434725
3627,0.0539300400484258
3628,0.0542849390911701
3629,0.0544296427212155
3630,0.053845725809854
3631,0.0528322570871372
3632,0.0520552640660559
3633,0.0516400978551695
3634,0.0513377464322973
3635,0.0509534886629106
3636,0.0505362015141054
3637,0.0502234974236674
3638,0.0500383390380176
3639,0.0499670357794831
3640,0.0500846942217418
3641,0.0504963787505263
3642,0.0511665491796246
3643,0.051908217205988
3644,0.0525221188586377
3645,0.0529008598776674
3646,0.0530850353181744
3647,0.0532590091951916
3648,0.0535973790684324
3649,0.0539250251451822
3650,0.0537349562387206
3651,0.0530008635412562
3652,0.0521772568909742
3653,0.0514857330162658
3654,0.0510015621526138
3655,0.0507385418042648
3656,0.0505011253648312
3657,0.050025074681325
3658,0.0493254732670227
3659,0.0486725549633395
3660,0.0482403016116042
3661,0.0480272614947173
3662,0.0479863419304747
3663,0.0481393122699929
3664,0.0484964618794247
3665,0.048943861965876
3666,0.0492964448816368
3667,0.0495058188769655
3668,0.0498079831604989
3669,0.050570379505856
3670,0.0516992638427812
3671,0.0524034185799255
3672,0.0521625700037293
3673,0.0513422468330269
3674,0.0505449453354276
3675,0.0499736011633268
3676,0.0493415118492571
3677,0.0484392034375129
3678,0.0476036409624185
3679,0.0470788796930101
3680,0.0467089322296493
3681,0.0463829064198607
3682,0.0461573236889597
3683,0.0460536271156261
3684,0.0459717735176637
3685,0.0458680558059684
3686,0.0458288148918676
3687,0.0458565044045998
3688,0.0457614737996062
3689,0.0454675328002285
3690,0.045240280382173
3691,0.0452610103013749
3692,0.0452974435540056
3693,0.0450353165555859
3694,0.0444865870728642
3695,0.0439386554602072
3696,0.0435809819509184
3697,0.0433375804261242
3698,0.0430490741430151
3699,0.0426799134744144
3700,0.0423002436714325
3701,0.0420399638750796
3702,0.0420328815522512
3703,0.0422892704121858
3704,0.042730592311994
3705,0.0432848556908221
3706,0.0439177887394574
3707,0.0445573237126844
3708,0.0450947053266295
3709,0.04548539847822
3710,0.045770508698672
3711,0.0459232996263927
3712,0.0457414371385066
3713,0.0451498890397911
3714,0.0444688116129305
3715,0.0440263634565389
3716,0.0438452493212654
3717,0.0437780792844184
3718,0.0437135193777239
3719,0.0437274299387342
3720,0.0439572540774128
3721,0.044412462421056
3722,0.0449890544048063
3723,0.0455619338054945
3724,0.0461212152989652
3725,0.0467415547965193
3726,0.0473314307136563
3727,0.0475835397705288
3728,0.0473740253310619
3729,0.0470056734731096
3730,0.0468283253617358
3731,0.0467886087545074
3732,0.0465209987192273
3733,0.0459736417488884
3734,0.0457170897863463
3735,0.046243539686956
3736,0.0471495379419792
3737,0.0476688060748931
3738,0.0476971673964585
3739,0.0475497467930527
3740,0.0472838640547419
3741,0.0469227322716102
3742,0.0468884974081577
3743,0.0475994509821677
3744,0.0486471564049983
3745,0.0491342356875723
3746,0.049182414472331
3747,0.0495048882145115
3748,0.050041834146515
3749,0.0502147562098672
3750,0.0496435640573097
3751,0.0485287831214512
3752,0.0474304339389645
3753,0.046694284142587
3754,0.0462616180023021
3755,0.045928911199293
3756,0.04556583808878
3757,0.0451514422509092
3758,0.0447895082267488
3759,0.0446491888449213
3760,0.0446733106755891
3761,0.0445798453901967
3762,0.0443237743965501
3763,0.0441615026160224
3764,0.0442794778778175
3765,0.0445505625951682
3766,0.0447097444609161
3767,0.0446582153569912
3768,0.0444888078952473
3769,0.0443046648136843
3770,0.0440785192697429
3771,0.0437580643740967
3772,0.0434668296130803
3773,0.0433742501511001
3774,0.0434478417534943
3775,0.0435036775425578
3776,0.0434446185038883
3777,0.0433470464603207
3778,0.0433390287325444
3779,0.0434705132172544
3780,0.0436770740580141
3781,0.0438314664132142
3782,0.0438683908815997
3783,0.0438125848386744
3784,0.0437132569926832
3785,0.0436063278999873
3786,0.0435249874779769
3787,0.0434782878100441
3788,0.0434574618210886
3789,0.0434865934941441
3790,0.043626157258539
3791,0.0438981955847123
3792,0.0442314789790343
3793,0.0445658028121528
3794,0.0449723742421999
3795,0.0455441178547504
3796,0.0461971131394527
3797,0.0466983038055155
3798,0.0468887614862886
3799,0.0468786908938172
3800,0.0469435321648565
3801,0.047116919435663
3802,0.0470747865922605
3803,0.04673138673809
3804,0.0463729297822068
3805,0.0462241565825704
3806,0.0462264048834002
3807,0.046058941653106
3808,0.0456298754922964
3809,0.0453467332359369
3810,0.0455013864426702
3811,0.0458529143348998
3812,0.0460353320189588
3813,0.046080967439781
3814,0.0464078185301899
3815,0.0472129494793822
3816,0.0480711374082302
3817,0.0484920067002624
3818,0.0485406663896051
3819,0.0486122193054416
3820,0.0489220236642583
3821,0.049245769243256
3822,0.0491136798917322
3823,0.0485285451565125
3824,0.0479856818479206
3825,0.0477890536611362
3826,0.0478517940834626
3827,0.0479539421888653
3828,0.0480369325095438
3829,0.048177575913785
3830,0.0484198094921957
3831,0.0486988292076406
3832,0.0489077286050286
3833,0.0490322352385756
3834,0.049169034504332
3835,0.049379816966234
3836,0.049642183575601
3837,0.0498734174739034
3838,0.0499485934542128
3839,0.0498065797242692
3840,0.0494776426414045
3841,0.0490504377048219
3842,0.0486370817599787
3843,0.0483136588223135
3844,0.048166476799189
3845,0.0482570728666148
3846,0.0485525138204602
3847,0.048945610763366
3848,0.0492973133428211
3849,0.0494663262411157
3850,0.0494845851069791
3851,0.0496460413403052
3852,0.0502165196137638
3853,0.0508441239350991
3854,0.0505565309870881
3855,0.0494076075474022
3856,0.0486732033589878
3857,0.048779532086317
3858,0.0492574403860575
3859,0.049664278543229
3860,0.0497945478571742
3861,0.0496688438406107
3862,0.049559277918572
3863,0.049865402916114
3864,0.0507221170730481
3865,0.05161828968008
3866,0.051911261523036
3867,0.0516189601664526
3868,0.0512811818352188
3869,0.0511890394911872
3870,0.0510796972478142
3871,0.0506061240468527
3872,0.0498974090339424
3873,0.0493952769534815
3874,0.0492969031106312
3875,0.0493821846488605
3876,0.0493518422281662
3877,0.0491432930338293
3878,0.0489088989440908
3879,0.0488426602763232
3880,0.0490604234654365
3881,0.0494903226948393
3882,0.0498665007793874
3883,0.050043690123412
3884,0.0502164069496608
3885,0.0505250111918598
3886,0.0507142460832795
3887,0.0505326664601423
3888,0.050119917481033
3889,0.0497626470985576
3890,0.0495754098170998
3891,0.0495300651299753
3892,0.0496391576309501
3893,0.0499278342174913
3894,0.0502787452910931
3895,0.0504980614242604
3896,0.0505604671381302
3897,0.0506367194310432
3898,0.0509451561309442
3899,0.051521520096955
3900,0.0521467511099757
3901,0.0525192822006753
3902,0.0524963972862701
3903,0.0521383214242509
3904,0.0515625892786805
3905,0.050854064356926
3906,0.0501045956907898
3907,0.0494284975476005
3908,0.048882717718484
3909,0.0484892681994689
3910,0.0482789775071994
3911,0.0482697338760645
3912,0.0484127969896561
3913,0.0486035996904856
3914,0.0488064386923369
3915,0.0490784333180634
3916,0.0494789801800248
3917,0.049963172946335
3918,0.0504140566470995
3919,0.0507060856912038
3920,0.0507442903488173
3921,0.0505066527219826
3922,0.0501180996098903
3923,0.0498200890689275
3924,0.0497964598058214
3925,0.0500149502000114
3926,0.050268691390507
3927,0.050382818292223
3928,0.0503256582327744
3929,0.0501812776616351
3930,0.0501003324052372
3931,0.0501812734657143
3932,0.0503477618157649
3933,0.0503946513777243
3934,0.0502014988104664
3935,0.0498678957805188
3936,0.0495956079435559
3937,0.0494913136717872
3938,0.0495062622765002
3939,0.0495234387226359
3940,0.0494947914802929
3941,0.0494989456897213
3942,0.0496692686160629
3943,0.0500366711576838
3944,0.0504480681054669
3945,0.0507015112507585
3946,0.0507375000226181
3947,0.0506493160261364
3948,0.0505719704734374
3949,0.0505599972766818
3950,0.0505374890940862
3951,0.0503946090981243
3952,0.050118309395192
3953,0.0497987845049242
3954,0.049543304102115
3955,0.0494161960864794
3956,0.0494179389134271
3957,0.0494889920152576
3958,0.0495478266019054
3959,0.0495496003327513
3960,0.0495139125142162
3961,0.0494887503858284
3962,0.0495004620333511
3963,0.0495358227376526
3964,0.0495518967151032
3965,0.0495121503515627
3966,0.0494264085926282
3967,0.0493482590489384
3968,0.049332376347076
3969,0.0493860670399847
3970,0.0494620179625942
3971,0.0495049023501163
3972,0.049509438069204
3973,0.0495262842729093
3974,0.0496163253946416
3975,0.0497898802743991
3976,0.0499776865315054
3977,0.0500720647925677
3978,0.0500146837345691
3979,0.0498449506852998
3980,0.0496592930421938
3981,0.0495314992309121
3982,0.0494752236481759
3983,0.0494660147823229
3984,0.0494830162345389
3985,0.0495223165235012
3986,0.0495816357893198
3987,0.0496599719955907
3988,0.0497722012440078
3989,0.0499385855003853
3990,0.0501412360148908
3991,0.0503078991966082
3992,0.0503610626406568
3993,0.0502807775582917
3994,0.0501149079167014
3995,0.0499327457355546
3996,0.0497802615280851
3997,0.0496753473073905
3998,0.049626557467915
3999,0.0496379852687618
4000,0.0497007656086345
4001,0.0497904468594239
4002,0.0498741263376728
4003,0.049922107476588
4004,0.0499171652487541
4005,0.0498653963214788
4006,0.0497988223731348
4007,0.0497628288094358
4008,0.0497892845554409
4009,0.0498734777595417
4010,0.0499763014186592
4011,0.0500538538971173
4012,0.0500893079776104
4013,0.0501009163965432
4014,0.0501235046446414
4015,0.050182704710943
4016,0.0502760545761759
4017,0.0503759031916312
4018,0.0504485314491586
4019,0.0504719066315669
4020,0.0504421509293163
4021,0.0503760603190405
4022,0.0503075806597015
4023,0.0502713016232733
4024,0.0502846661053572
4025,0.0503395921464151
4026,0.0504083908206675
4027,0.0504600964585865
4028,0.0504759680905209
4029,0.0504558991324979
4030,0.0504137899457534
4031,0.0503697103415672
4032,0.0503439118717009
4033,0.0503498016821286
4034,0.0503865103323881
4035,0.0504386731554887
4036,0.0504837218807434
4037,0.0505082234631475
4038,0.0505157880636496
4039,0.0505158935044563
4040,0.0505109572491594
4041,0.0505016966818945
4042,0.0504988245825297
4043,0.050518365990644
4044,0.050563717891936
4045,0.0506189805960254
4046,0.0506670749708312
4047,0.0507080204121561
4048,0.0507543587124871
4049,0.0508109103407807
4050,0.050865788115592
4051,0.0509019216969723
4052,0.0509119693030353
4053,0.0509032454340355
4054,0.0508904269035893
4055,0.0508842199602597
4056,0.0508841831240745
4057,0.0508818803262899
4058,0.0508688232641103
4059,0.0508440665675014
4060,0.0508188132443284
4061,0.0508104565437206
4062,0.0508267578907521
4063,0.0508567430627155
4064,0.0508812468923457
4065,0.0508918104993131
4066,0.0508951986959549
4067,0.0509013198173955
4068,0.0509124276178643
4069,0.0509252277815813
4070,0.0509370420566378
4071,0.050946840598981
4072,0.0509555782312794
4073,0.0509712581109455
4074,0.0510082914859241
4075,0.0510767076785128
4076,0.0511709220766081
4077,0.0512721988831006
4078,0.0513645459261681
4079,0.0514439795183705
4080,0.0515137109404788
4081,0.0515725624840031
4082,0.0516106024587248
4083,0.0516199240066276
4084,0.0516094973306394
4085,0.051605034550017
4086,0.0516294632709029
4087,0.0516818642818502
4088,0.0517381553416215
4089,0.0517718565415849
4090,0.0517718322012017
4091,0.0517402885131738
4092,0.0516828949707583
4093,0.0516068269608523
4094,0.0515263289075939
4095,0.0514640143831652
4096,0.0514394866012579
4097,0.051455767463105
4098,0.0514976073694592
4099,0.0515407440398913
4100,0.0515631798630341
4101,0.0515531537350059
4102,0.051516187854746
4103,0.0514770124031731
4104,0.05146792570338
4105,0.0515049243032574
4106,0.0515706241506487
4107,0.0516250472568249
4108,0.0516370971069251
4109,0.0516031486123782
4110,0.051537935824022
4111,0.051455502747042
4112,0.0513683320637321
4113,0.0512979351932293
4114,0.0512745525871601
4115,0.0513167946323978
4116,0.0514127098334654
4117,0.0515243120028499
4118,0.0516131606917627
4119,0.0516653104723411
4120,0.0516926247513373
4121,0.0517150800767731
4122,0.0517413018759641
4123,0.0517645870877675
4124,0.0517763379690039
4125,0.0517820598651581
4126,0.0518013319832917
4127,0.0518512412804673
4128,0.0519285687045907
4129,0.0520096438443391
4130,0.0520674782510272
4131,0.0520904837062822
4132,0.0520865177212991
4133,0.0520689546792122
4134,0.0520440447979753
4135,0.05201261058741
4136,0.0519808358600623
4137,0.051961392758461
4138,0.0519616079595171
4139,0.0519767422010458
4140,0.0519976142507289
4141,0.0520203606429033
4142,0.0520421221095979
4143,0.0520520537075041
4144,0.0520359568737999
4145,0.051993769856779
4146,0.051944981003114
4147,0.0519132816331576
4148,0.0519060414336701
4149,0.0519124969084339
4150,0.0519190073364953
4151,0.0519232295610646
4152,0.0519340729659925
4153,0.0519578009228413
4154,0.0519883483474879
4155,0.0520113085696195
4156,0.0520178072669149
4157,0.0520141077050068
4158,0.0520177510776082
4159,0.052046337558358
4160,0.0521059088247143
4161,0.052186496046247
4162,0.0522664563717703
4163,0.0523265250529473
4164,0.0523630609571186
4165,0.0523848713908404
4166,0.0523947900658944
4167,0.0523795760773343
4168,0.052325341741146
4169,0.0522423408874752
4170,0.0521678412824872
4171,0.0521434823614228
4172,0.0521903569462546
4173,0.0522993497185935
4174,0.0524374372572607
4175,0.0525623068720483
4176,0.0526427247688942
4177,0.0526735254076013
4178,0.0526733397929378
4179,0.0526667450170879
4180,0.0526688922917513
4181,0.0526851959597774
4182,0.0527172583894379
4183,0.052765012415162
4184,0.0528217455569224
4185,0.0528720101939996
4186,0.0528978321427504
4187,0.0528930545622949
4188,0.0528715089953863
4189,0.052856949296625
4190,0.0528610961105384
4191,0.0528731964108352
4192,0.0528730451293178
4193,0.0528505396469667
4194,0.0528108244656346
4195,0.0527658815704434
4196,0.0527276840013295
4197,0.0527079142728385
4198,0.0527150111336323
4199,0.0527491335968293
4200,0.052803150896528
4201,0.0528672665822838
4202,0.052928765522323
4203,0.0529703287125608
4204,0.0529786616589469
4205,0.0529586899704204
4206,0.0529354699999001
4207,0.0529363694690736
4208,0.0529687220475859
4209,0.0530129159759217
4210,0.0530379167834581
4211,0.0530274888277721
4212,0.0529960073261163
4213,0.052976150703077
4214,0.0529882849652966
4215,0.0530222775968449
4216,0.0530520617323826
4217,0.0530636727219748
4218,0.0530647554049647
4219,0.0530711978480536
4220,0.0530925606193166
4221,0.053128921583636
4222,0.0531719658735817
4223,0.0532087410853172
4224,0.0532309984355809
4225,0.0532455200633648
4226,0.0532698740295599
4227,0.0533146717175515
4228,0.0533688697386544
4229,0.053403048259852
4230,0.0533886639299453
4231,0.0533199614129723
4232,0.0532279380585565
4233,0.0531676015247962
4234,0.0531837174687963
4235,0.0532753572064364
4236,0.053394118755078
4237,0.0534776201183773
4238,0.0534918309133682
4239,0.0534531469716399
4240,0.0534139967807545
4241,0.0534220834875987
4242,0.0534828613534206
4243,0.0535592983731936
4244,0.0536118456655182
4245,0.0536348911602147
4246,0.0536527690129499
4247,0.0536851622998548
4248,0.053727749262382
4249,0.053761985886551
4250,0.0537821364670704
4251,0.0538013380707884
4252,0.0538402451961041
4253,0.0539054696348901
4254,0.0539772585783497
4255,0.054023861915327
4256,0.0540313574431249
4257,0.0540164955871591
4258,0.0540024888806808
4259,0.0539902062939789
4260,0.0539621359213688
4261,0.0539129278523573
4262,0.0538621455054207
4263,0.0538349697946996
4264,0.0538388229566746
4265,0.053861200685165
4266,0.0538834111014348
4267,0.0538929257523775
4268,0.0538876502873934
4269,0.0538723225409755
4270,0.0538495629888623
4271,0.0538176988929765
4272,0.0537806060013298
4273,0.0537582924418482
4274,0.0537781696589686
4275,0.0538537332599152
4276,0.0539710301001981
4277,0.054093345553506
4278,0.0541781761292918
4279,0.0541986790150569
4280,0.0541619369830902
4281,0.0541077487004338
4282,0.054079311207455
4283,0.0540929170308535
4284,0.0541347952880143
4285,0.0541841995868728
4286,0.054232148892842
4287,0.0542805443707631
4288,0.0543311273095798
4289,0.0543741719504176
4290,0.0543853591873869
4291,0.0543416006786968
4292,0.0542508188400625
4293,0.0541659406799785
4294,0.0541521351970831
4295,0.0542341354882995
4296,0.0543753303103347
4297,0.0545054579260225
4298,0.0545689323712658
4299,0.0545545597400351
4300,0.0544960587334312
4301,0.0544472496213807
4302,0.0544438248289296
4303,0.0544834893843779
4304,0.0545420811226196
4305,0.0546051008013844
4306,0.0546768720651033
4307,0.0547616889668425
4308,0.0548500152086053
4309,0.0549256410945482
4310,0.0549792822932202
4311,0.0550114849074449
4312,0.0550287632487632
4313,0.0550400154600593
4314,0.0550514289569035
4315,0.0550619533143163
4316,0.0550655163192039
4317,0.0550579831025061
4318,0.0550414136760876
4319,0.0550271412607419
4320,0.0550384124078325
4321,0.0550990421036679
4322,0.055207792484284
4323,0.0553234551769973
4324,0.055390601436047
4325,0.0553860230611848
4326,0.0553371403099759
4327,0.0552976106006739
4328,0.0553086692540481
4329,0.0553770976008213
4330,0.0554775510219249
4331,0.0555699608898713
4332,0.055622517202876
4333,0.0556245910104333
4334,0.0555805847332096
4335,0.0555003194036192
4336,0.0554014265310008
4337,0.055314319503099
4338,0.0552694594114069
4339,0.0552764229031065
4340,0.0553224176707968
4341,0.0553909010233854
4342,0.0554754710817223
4343,0.0555751333218694
4344,0.0556807296018744
4345,0.0557687770835814
4346,0.0558068735411885
4347,0.0557729978850629
4348,0.0556787110946192
4349,0.0555687353068972
4350,0.0554889772162673
4351,0.0554549830735501
4352,0.055454224305989
4353,0.055472116737839
4354,0.0555023318939408
4355,0.0555341861198695
4356,0.0555466364971452
4357,0.0555199811486648
4358,0.0554523472215426
4359,0.0553632707026864
4360,0.0552848317783103
4361,0.0552447065007782
4362,0.0552465117406041
4363,0.0552672332848906
4364,0.0552793201837429
4365,0.0552746495629464
4366,0.0552658559947492
4367,0.055271155092865
4368,0.0553049155715647
4369,0.0553719867170955
4370,0.0554592019068839
4371,0.0555364058432189
4372,0.0555792406399407
4373,0.0555911404196792
4374,0.0555930743097276
4375,0.0555943138413988
4376,0.055586024006996
4377,0.0555626476765875
4378,0.0555374337378836
4379,0.0555343562427261
4380,0.0555678593654951
4381,0.0556322262876707
4382,0.0557051823587902
4383,0.0557632927498642
4384,0.055801057974781
4385,0.0558302191377553
4386,0.0558582048539679
4387,0.0558756422522571
4388,0.055872800386665
4389,0.0558592553056588
4390,0.0558539151212569
4391,0.0558587670284727
4392,0.055856696305772
4393,0.0558342277807915
4394,0.055796190659611
4395,0.0557612478451848
4396,0.0557508389177225
4397,0.0557776114077477
4398,0.0558335514097919
4399,0.0558898000447972
4400,0.0559191612766272
4401,0.055919835992885
4402,0.0559141505651289
4403,0.0559301944173186
4404,0.0559871480015521
4405,0.056085670879574
4406,0.0561954635641568
4407,0.0562595320488595
4408,0.0562309554310374
4409,0.0561122034752161
4410,0.0559567163655085
4411,0.055834370206222
4412,0.05579704650449
4413,0.055858046793737
4414,0.0559822735196142
4415,0.0561032889005736
4416,0.056167701077008
4417,0.0561707425627575
4418,0.0561446510417507
4419,0.056120187997135
4420,0.0561085362137931
4421,0.0561071042737194
4422,0.0561067245864899
4423,0.0560960765381289
4424,0.0560743718681928
4425,0.0560583257171459
4426,0.0560628116528888
4427,0.0560797660541163
4428,0.0560874397762813
4429,0.0560741785117635
4430,0.0560415049278707
4431,0.0559908096303805
4432,0.0559251578410537
4433,0.0558583258066059
4434,0.0558036572158614
4435,0.0557594148988337
4436,0.0557192969045256
4437,0.0556946642330149
4438,0.0557079282628944
4439,0.0557633516662715
4440,0.05584014642315
4441,0.0559115565537187
4442,0.0559597599818613
4443,0.0559788294186284
4444,0.0559776082574008
4445,0.0559780332547141
4446,0.0559954538183797
4447,0.0560217400272623
4448,0.0560406678009183
4449,0.0560491908157915
4450,0.0560477056207656
4451,0.0560197919439534
4452,0.0559466993653249
4453,0.0558427884165969
4454,0.0557549405472956
4455,0.0557230997840972
4456,0.0557540097315631
4457,0.0558280375940405
4458,0.0559152495390454
4459,0.0559859935261398
4460,0.056025930826859
4461,0.0560464296177876
4462,0.0560683040910236
4463,0.0560977108538703
4464,0.0561310522202886
4465,0.0561735305889346
4466,0.0562342977433392
4467,0.0563075262040827
4468,0.0563777837830987
4469,0.0564427469253942
4470,0.0565086559804498
4471,0.0565652433429506
4472,0.0565875461430139
4473,0.0565637839221566
4474,0.056506224767059
4475,0.0564361224872771
4476,0.0563735650281296
4477,0.0563393999812125
4478,0.0563431017571154
4479,0.0563649886647659
4480,0.0563710566458086
4481,0.0563477962452356
4482,0.0563090194268716
4483,0.0562748711146817
4484,0.056262213439997
4485,0.0562900769346659
4486,0.0563666702181681
4487,0.0564645470637595
4488,0.0565324605112114
4489,0.0565410866088437
4490,0.0565034109507543
4491,0.056453989438618
4492,0.0564285948868487
4493,0.0564596515104065
4494,0.0565621038269175
4495,0.0567089190257399
4496,0.0568380521623769
4497,0.0568972020399039
4498,0.0568738148044024
4499,0.0567861499036952
4500,0.0566669561961889
4501,0.0565560635859556
4502,0.0564844087198025
4503,0.0564548948019104
4504,0.0564514873919389
4505,0.0564707872066154
4506,0.0565269254256607
4507,0.0566184717098818
4508,0.0567118071154528
4509,0.0567690055655714
4510,0.0567802265725657
4511,0.0567645219131849
4512,0.0567522247584131
4513,0.0567694048947329
4514,0.0568235143411989
4515,0.0568956909889763
4516,0.0569570556401272
4517,0.0569970543305525
4518,0.0570257507990291
4519,0.0570497233703085
4520,0.0570619715340814
4521,0.0570582218463456
4522,0.0570469773867487
4523,0.0570383250303822
4524,0.0570360869374567
4525,0.0570447647561561
4526,0.0570693345557827
4527,0.0571016226263981
4528,0.0571185935494446
4529,0.0571013127895987
4530,0.0570497466456294
4531,0.0569800981993493
4532,0.0569173720256592
4533,0.0568863810079283
4534,0.0568954493162603
4535,0.0569288120742816
4536,0.0569655931637405
4537,0.0570033793545223
4538,0.0570508195204737
4539,0.0571017139322445
4540,0.0571349088966823
4541,0.0571400532172191
4542,0.0571271316094464
4543,0.0571108824945703
4544,0.0571010226432232
4545,0.0571070732737483
4546,0.0571373313888798
4547,0.0571919195110341
4548,0.0572678946091469
4549,0.0573654908918587
4550,0.0574749773800841
4551,0.0575640094991325
4552,0.057598906858991
4553,0.0575800043457285
4554,0.0575394093214584
4555,0.0575060367801539
4556,0.0574899107040387
4557,0.057494924274093
4558,0.0575238013963589
4559,0.0575698205498984
4560,0.0576237378591908
4561,0.057688335561317
4562,0.0577668788448001
4563,0.0578389860952058
4564,0.0578683129248519
4565,0.0578372842453641
4566,0.0577603346747661
4567,0.0576663592237339
4568,0.0575875069765571
4569,0.057558712495651
4570,0.0575991078956258
4571,0.057686793750289
4572,0.0577713952240107
4573,0.0578176466547921
4574,0.0578212566676334
4575,0.0577871902947376
4576,0.0577198371054627
4577,0.0576372592851454
4578,0.057569790131899
4579,0.0575351273533733
4580,0.0575310587718937
4581,0.0575540802362286
4582,0.0576037783699485
4583,0.0576661297980809
4584,0.0577143263505957
4585,0.0577344022234264
4586,0.0577348798791022
4587,0.0577289408507482
4588,0.0577257919564486
4589,0.057738680686128
4590,0.0577766904205861
4591,0.0578209444163485
4592,0.0578324556570066
4593,0.0577955980790118
4594,0.0577394326807995
4595,0.0577107118906661
4596,0.0577387729865824
4597,0.0578261986607261
4598,0.0579507001117959
4599,0.0580705409515113
4600,0.0581495231814507
4601,0.058187857441075
4602,0.0582164460826384
4603,0.0582569275826078
4604,0.0583038048323233
4605,0.0583465004587204
4606,0.0583859872693714
4607,0.0584225698090083
4608,0.0584468799185832
4609,0.0584547297218386
4610,0.0584565202430061
4611,0.0584633393569358
4612,0.0584753651988657
4613,0.0584891691128693
4614,0.0585042620650633
4615,0.0585179067866381
4616,0.0585263805866131
4617,0.0585341343640013
4618,0.0585483608241464
4619,0.0585621655798829
4620,0.0585593270050554
4621,0.0585401252185025
4622,0.0585273585956406
4623,0.0585423034143497
4624,0.0585861725490259
4625,0.0586473857514653
4626,0.0587125059930002
4627,0.0587678469439561
4628,0.0588060458862023
4629,0.0588357595273182
4630,0.058872417142374
4631,0.0589164037690378
4632,0.058953428151045
4633,0.0589765312622612
4634,0.0589951251958071
4635,0.0590218394021529
4636,0.0590633855080021
4637,0.0591226806841756
4638,0.0591936494152024
4639,0.0592544763630323
4640,0.0592831496692416
4641,0.0592829519316317
4642,0.0592771105068718
4643,0.0592787694254812
4644,0.059279903424954
4645,0.0592692567523162
4646,0.0592452372338012
4647,0.0592108489313367
4648,0.0591736976806881
4649,0.0591537918074823
4650,0.059176300973766
4651,0.0592507625467247
4652,0.0593653036542845
4653,0.059495648752094
4654,0.0596084006864336
4655,0.059665256862624
4656,0.0596487221989632
4657,0.0595854880909275
4658,0.0595288462702885
4659,0.0595148885222287
4660,0.0595446885985826
4661,0.0596017394926342
4662,0.0596658774631168
4663,0.0597146242220757
4664,0.059734600227148
4665,0.0597365014364745
4666,0.0597431158583791
4667,0.0597626655705451
4668,0.059786165303157
4669,0.0598059746610277
4670,0.0598187061520053
4671,0.0598148697077453
4672,0.0597880839610277
4673,0.0597546749466385
4674,0.0597435265647855
4675,0.059764073808983
4676,0.0598010092374081
4677,0.059838371292847
4678,0.0598717274083936
4679,0.0598988170586765
4680,0.0599187790123124
4681,0.0599407661068322
4682,0.0599736625900141
4683,0.0600050725201131
4684,0.0600094464377818
4685,0.0599790784327022
4686,0.0599333078735221
4687,0.0598987152313109
4688,0.059894703758377
4689,0.0599337230850951
4690,0.0600135397713677
4691,0.0601071940122844
4692,0.060178710840238
4693,0.0602112025426377
4694,0.0602088545897578
4695,0.0601788234165326
4696,0.0601286804267707
4697,0.060075794044934
4698,0.0600368647619285
4699,0.0600095063211709
4700,0.0599831119568316
4701,0.0599664857560288
4702,0.0599835108855825
4703,0.06004106164124
4704,0.0601165334386111
4705,0.0601772408379706
4706,0.0601990247134882
4707,0.0601743717489174
4708,0.0601240367024517
4709,0.0600957582035557
4710,0.0601275906609071
4711,0.060211811039811
4712,0.0603075612749854
4713,0.0603841801422996
4714,0.0604351141590792
4715,0.0604624524315017
4716,0.0604769395399895
4717,0.0605092041919656
4718,0.0605890047761266
4719,0.0607065698356955
4720,0.0608108565148783
4721,0.0608496925801639
4722,0.0608025120244529
4723,0.060684400327318
4724,0.0605437795455079
4725,0.0604485031312716
4726,0.0604426618612873
4727,0.0605110255133697
4728,0.0605987207176985
4729,0.0606650283904577
4730,0.0607039784420784
4731,0.0607236328882255
4732,0.0607342106315739
4733,0.0607534944732324
4734,0.0607961901697444
4735,0.0608534629188848
4736,0.0609007821639136
4737,0.060926725391685
4738,0.0609369952171789
4739,0.0609348530329841
4740,0.0609174732693865
4741,0.0608875212387371
4742,0.0608485783843541
4743,0.0607954144723666
4744,0.0607295827166794
4745,0.0606779327889375
4746,0.0606704763972501
4747,0.0607037784108955
4748,0.060746205169938
4749,0.0607767494337555
4750,0.0607975783712377
4751,0.0608178614961523
4752,0.0608492444033877
4753,0.0609084735546072
4754,0.0609966639310666
4755,0.061080491429513
4756,0.0611215474819346
4757,0.061122068975639
4758,0.0611139821504811
4759,0.0611096018053456
4760,0.0610912162931157
4761,0.0610476100210448
4762,0.0609890039249706
4763,0.0609265890890025
4764,0.0608650723994321
4765,0.0608163464347811
4766,0.0607915332716213
4767,0.0607760590077796
4768,0.0607396898027785
4769,0.0606762837450649
4770,0.06061278713435
4771,0.0605769386151716
4772,0.0605787122560211
4773,0.0606219444812982
4774,0.060705724077256
4775,0.0608089979263053
4776,0.0608981122934689
4777,0.0609558507939088
4778,0.0609881386382369
4779,0.0610025639582223
4780,0.0610016734253446
4781,0.0609952813845772
4782,0.0609963307507121
4783,0.0610025446381251
4784,0.0610005138704647
4785,0.0609875968678451
4786,0.0609717339867569
4787,0.0609536824447431
4788,0.0609306735586243
4789,0.0609138615683402
4790,0.0609185727362447
4791,0.0609403759567174
4792,0.0609613470534532
4793,0.0609771004095913
4794,0.0609954352254613
4795,0.0610139361097709
4796,0.0610220436055376
4797,0.0610232944703599
4798,0.0610332614161296
4799,0.061057959966605
4800,0.0610946187629313
4801,0.0611462556938237
4802,0.0612105631474258
4803,0.0612615962377902
4804,0.0612722507885242
4805,0.0612530299189938
4806,0.0612435398779581
4807,0.0612629067514699
4808,0.0612910214089417
4809,0.0612947547668052
4810,0.0612526746461054
4811,0.0611606876082475
4812,0.0610411093767694
4813,0.0609433096454507
4814,0.0609091177964164
4815,0.0609362594052588
4816,0.0609927232284503
4817,0.0610573383175964
4818,0.0611211224734938
4819,0.0611590070042735
4820,0.0611376581466046
4821,0.0610564790107833
4822,0.0609590832818636
4823,0.0608992526703936
4824,0.06091270467935
4825,0.0610125990409767
4826,0.0611824125218369
4827,0.0613749346449075
4828,0.0615406611142477
4829,0.0616609598542246
4830,0.0617393021904748
4831,0.0617729352602919
4832,0.0617595068420147
4833,0.0617243937775382
4834,0.0617104927507666
4835,0.0617390947609085
4836,0.06179846953869
4837,0.0618663017649517
4838,0.0619224627415891
4839,0.0619517254460831
4840,0.0619597472244067
4841,0.0619804017572343
4842,0.0620413584128837
4843,0.06212641602386
4844,0.0621946007684532
4845,0.0622268369549819
4846,0.062228756968771
4847,0.062199645759831
4848,0.062130091833309
4849,0.0620279669615319
4850,0.0619198132261757
4851,0.061830320257134
4852,0.061779964761121
4853,0.0617912620643618
4854,0.0618665540754301
4855,0.0619665379856669
4856,0.0620414771573701
4857,0.0620778246537451
4858,0.0620911050029715
4859,0.0620834076961173
4860,0.0620406668472652
4861,0.0619681483630953
4862,0.0618976088510187
4863,0.0618614325295313
4864,0.0618771872217258
4865,0.0619449755455099
4866,0.0620331827827871
4867,0.0620819333921689
4868,0.0620555576846396
4869,0.0619877816294243
4870,0.0619506500544684
4871,0.0619859988288343
4872,0.0620892183105362
4873,0.0622360448500448
4874,0.0623895972950644
4875,0.0624958779967281
4876,0.0625177055830278
4877,0.0624727858061122
4878,0.0624091892440642
4879,0.0623496523675968
4880,0.0622906737669745
4881,0.0622392133726429
4882,0.0622117479862047
4883,0.062205959438762
4884,0.0622114855436497
4885,0.0622425566498985
4886,0.0623198587889204
4887,0.0624246757278927
4888,0.062509427914931
4889,0.0625517173892395
4890,0.062564233596839
4891,0.0625585386905672
4892,0.0625382803845443
4893,0.0625242581728209
4894,0.0625433734073899
4895,0.0625887202851677
4896,0.0626233252871683
4897,0.0626265709289087
4898,0.0626066077603563
4899,0.0625746466701723
4900,0.0625406094865514
4901,0.0625297261555857
4902,0.0625635345953957
4903,0.0626225765884121
4904,0.0626637871340396
4905,0.0626761179088853
4906,0.0626867766341688
4907,0.0627140887657871
4908,0.0627486039987193
4909,0.0627814079591607
4910,0.0628127644391282
4911,0.0628314895595308
4912,0.0628206294926981
4913,0.0627887068645055
4914,0.0627673711973939
4915,0.0627742969355544
4916,0.0628036458383314
4917,0.0628507961983538
4918,0.0629150429049984
4919,0.062979975944899
4920,0.0630252998722359
4921,0.063059454444466
4922,0.0631124623081079
4923,0.0631926697519017
4924,0.0632747649361913
4925,0.0633287805520851
4926,0.0633391925207204
4927,0.0633043798451047
4928,0.0632466167668183
4929,0.063216151851955
4930,0.0632538489549571
4931,0.063348634748507
4932,0.0634552094974624
4933,0.0635417207981308
4934,0.0635939133336173
4935,0.0635907789375168
4936,0.0635204814589237
4937,0.0634160967199676
4938,0.0633387727696215
4939,0.0633199400361418
4940,0.0633482734506824
4941,0.0634014395936094
4942,0.0634591825420103
4943,0.063494361510347
4944,0.0634945533477169
4945,0.0634909715230902
4946,0.0635283591605631
4947,0.0636018126434503
4948,0.0636580565519825
4949,0.063657089744492
4950,0.0636082727179822
4951,0.063547762474131
4952,0.063512955688608
4953,0.0635318380263534
4954,0.0636043425545099
4955,0.0636880254044632
4956,0.0637336667854646
4957,0.0637343657044131
4958,0.0637185596813231
4959,0.0637044771077028
4960,0.06369199253494
4961,0.0636905499688107
4962,0.0637200495015844
4963,0.0637848008220189
4964,0.0638737023004806
4965,0.063980384471888
4966,0.0640969484174289
4967,0.0641957839866124
4968,0.0642493082053169
4969,0.0642603805775358
4970,0.0642488494051442
4971,0.0642188232034699
4972,0.064168738976785
4973,0.0641190744968346
4974,0.0640971614486632
4975,0.0641038462269872
4976,0.0641254646172735
4977,0.06416262926313
4978,0.0642164418910366
4979,0.0642608307646918
4980,0.0642661712247072
4981,0.0642400837942822
4982,0.0642101258763491
4983,0.0641841556713229
4984,0.0641601825078295
4985,0.0641559661820025
4986,0.0641848316939903
4987,0.0642198885350214
4988,0.0642265434171925
4989,0.0642191188700572
4990,0.0642407455334138
4991,0.0642983860399776
4992,0.0643648344093298
4993,0.0644326209944577
4994,0.0645189520321773
4995,0.0646238370039997
4996,0.0647298785923133
4997,0.0648349934809711
4998,0.0649379794732964
4999,0.0649970665948306
5000,0.0649618976008852
5001,0.0648416869629957
5002,0.0647091174151153
5003,0.064642901037934
5004,0.0646419672322154
5005,0.064689060184523
5006,0.0647585626753952
5007,0.0648133791981647
5008,0.0648203155170513
5009,0.0647881207617061
5010,0.0647526816154395
5011,0.0647237303018491
5012,0.0646819396274342
5013,0.0646298907032954
5014,0.0646060524421815
5015,0.0646412487784429
5016,0.0647309999477517
5017,0.0648531187643567
5018,0.0649787843339848
5019,0.0650688833874112
5020,0.0650941252897078
5021,0.0650702609470273
5022,0.065048936413315
5023,0.0650749190612418
5024,0.0651670774149143
5025,0.0653243062480712
5026,0.0655118512467806
5027,0.0656518704666591
5028,0.0656704875770863
5029,0.065561119020979
5030,0.065382933721896
5031,0.0652081457473568
5032,0.0650946554001335
5033,0.0650795754034071
5034,0.0651563476958705
5035,0.0652627887431757
5036,0.0653320338713199
5037,0.0653514930552067
5038,0.0653475350473392
5039,0.0653317317630008
5040,0.0652997764188937
5041,0.0652664625432641
5042,0.0652548136476619
5043,0.0652584938177472
5044,0.065254806985542
5045,0.0652456790838364
5046,0.0652467943626779
5047,0.0652490686505929
5048,0.0652330662604639
5049,0.0652100880051561
5050,0.0652088353878602
5051,0.0652317508376217
5052,0.0652651386999317
5053,0.0653190948049583
5054,0.0654126611847002
5055,0.0655274873088403
5056,0.0656223214193372
5057,0.0656861845762436
5058,0.0657325758309402
5059,0.0657517313485869
5060,0.0657176723219595
5061,0.0656387280603284
5062,0.0655550495850803
5063,0.0654902532875593
5064,0.0654457423771396
5065,0.0654385103461934
5066,0.0654940675051915
5067,0.0656011604547825
5068,0.0657117344084905
5069,0.0657894852838811
5070,0.0658245547741196
5071,0.0658107416212493
5072,0.0657502332694493
5073,0.0656790285603457
5074,0.0656468566399549
5075,0.0656686303336748
5076,0.0657255060607727
5077,0.0657997147561736
5078,0.0658734601253514
5079,0.0659089586055101
5080,0.0658768644863108
5081,0.0657979097526019
5082,0.0657180989062871
5083,0.0656527230442194
5084,0.065592819798251
5085,0.0655529741234584
5086,0.0655644354222678
5087,0.0656272485477874
5088,0.0657158701832072
5089,0.0658236053123942
5090,0.065955882320651
5091,0.0660860120182941
5092,0.0661671631116993
5093,0.0661891516412716
5094,0.066183211603997
5095,0.0661741440071105
5096,0.0661665236047411
5097,0.0661738679139023
5098,0.066215020594547
5099,0.0662777243458775
5100,0.0663249287847359
5101,0.0663416481908149
5102,0.0663465418235695
5103,0.066356100441072
5104,0.0663690924041223
5105,0.0663820902926813
5106,0.0663887728782567
5107,0.0663718913957123
5108,0.0663263014920178
5109,0.0662853516580096
5110,0.0662955040141946
5111,0.066369155883046
5112,0.0664849186049788
5113,0.066618640477538
5114,0.0667497035122348
5115,0.0668516516930057
5116,0.0669080685204672
5117,0.0669256941311776
5118,0.066909147444168
5119,0.0668427097252988
5120,0.0667284810901801
5121,0.0666202370332386
5122,0.0665817284223786
5123,0.0666274795962671
5124,0.066727931820418
5125,0.0668480040418823
5126,0.066948100474071
5127,0.0669794335235907
5128,0.0669270084867525
5129,0.0668398186376682
5130,0.0667830883674484
5131,0.0667765910773446
5132,0.0668097810069172
5133,0.06688216548277
5134,0.0669825554975944
5135,0.0670593258390528
5136,0.0670674479667269
5137,0.0670272931373551
5138,0.0669890206455441
5139,0.066962025616338
5140,0.0669303903213142
5141,0.0669057763750261
5142,0.0669067944330658
5143,0.0669079295118498
5144,0.0668714086804754
5145,0.0668175808162833
5146,0.0668040486912095
5147,0.0668541503525265
5148,0.0669485022808444
5149,0.0670688447210935
5150,0.0672113875645308
5151,0.0673443901689202
5152,0.0674377533661383
5153,0.0675039509513125
5154,0.0675790012694991
5155,0.0676689181789625
5156,0.0677537724247303
5157,0.0678276288565506
5158,0.0678949639156408
5159,0.0679441691635906
5160,0.0679654139703132
5161,0.0679800735911829
5162,0.0680100795423034
5163,0.0680312083261498
5164,0.0680001009383587
5165,0.0679144054743272
5166,0.0678086100805185
5167,0.0677079530238993
5168,0.0676298262614544
5169,0.0676070504417007
5170,0.0676611988068103
5171,0.0677651282485721
5172,0.067870869215741
5173,0.0679617957676368
5174,0.0680494353696504
5175,0.0681451200983233
5176,0.0682602053372497
5177,0.0683958686353672
5178,0.0685010438030485
5179,0.068496440062964
5180,0.0683803942470783
5181,0.0682610941593303
5182,0.0682311998608941
5183,0.0682617981856792
5184,0.0682761767725543
5185,0.0682675939578634
5186,0.068269270280806
5187,0.0682680048979612
5188,0.0682392571001888
5189,0.0682153155558098
5190,0.0682307707213714
5191,0.0682429402156656
5192,0.0681982074551586
5193,0.0681351659494847
5194,0.0681315551564012
5195,0.0681894794121717
5196,0.0682659054449396
5197,0.0683754054507976
5198,0.0685401681710377
5199,0.0686740030999494
5200,0.0686533235230837
5201,0.068498969180967
5202,0.0683674916500785
5203,0.0683639751596135
5204,0.0684674999217882
5205,0.0686298696986074
5206,0.0688337621144551
5207,0.0690401232040341
5208,0.069164735471512
5209,0.0691581249798372
5210,0.0690411920312047
5211,0.0688404238050633
5212,0.0685844445109703
5213,0.0683604785116463
5214,0.068283075207719
5215,0.0683806990373716
5216,0.0685783729049646
5217,0.0687906378711766
5218,0.0689531402183136
5219,0.0689968970174937
5220,0.0689022993275863
5221,0.0687789491845486
5222,0.068767182032146
5223,0.0688572075843952
5224,0.0689175673939672
5225,0.0688940901022599
5226,0.0688665871620072
5227,0.0688893565872156
5228,0.068905145006443
5229,0.0688604103232923
5230,0.0687895247862116
5231,0.0687380092737233
5232,0.0686896353817817
5233,0.068620876533713
5234,0.0685652596409777
5235,0.0685713034984828
5236,0.0686395331329443
5237,0.0687367562321475
5238,0.068852797035564
5239,0.0690130415280202
5240,0.0692278657001629
5241,0.0694372087135683
5242,0.0695446064973566
5243,0.0695334610375419
5244,0.0695124700435242
5245,0.069591108849356
5246,0.0697240308618238
5247,0.0697441483574903
5248,0.0695730852759804
5249,0.069330787818796
5250,0.0691794400062761
5251,0.0691447306681485
5252,0.069139286474758
5253,0.0690954133697142
5254,0.0690401011483679
5255,0.0690604585528813
5256,0.0692241551508389
5257,0.0694926674596319
5258,0.0697171795376837
5259,0.0697664160850075
5260,0.0696420594237103
5261,0.0694332420020427
5262,0.0691955780822959
5263,0.0689601372608255
5264,0.0688287691310347
5265,0.0689266272540469
5266,0.0692191393332149
5267,0.0694841395333705
5268,0.0695410761583016
5269,0.0694362109684872
5270,0.0693385508727857
5271,0.0693321880742331
5272,0.0693883056014615
5273,0.0694594863915747
5274,0.0695159634441857
5275,0.0695303658180749
5276,0.0695069748412832
5277,0.0694932631097693
5278,0.0695141173308727
5279,0.0695453474811711
5280,0.06958513920708
5281,0.0696843155460653
5282,0.0698393688164524
5283,0.0699295466866616
5284,0.0698653772737235
5285,0.0697414271119797
5286,0.069715482208584
5287,0.069782143589544
5288,0.069793979817443
5289,0.0696865784147366
5290,0.0695587554581399
5291,0.0695143776711076
5292,0.0695449154507314
5293,0.0695931828437207
5294,0.069639721825811
5295,0.0696930325825189
5296,0.069771169065485
5297,0.0699240532752144
5298,0.0702020126184365
5299,0.0705626524517323
5300,0.0708626195027112
5301,0.0709751897874371
5302,0.0709039887615914
5303,0.0707532273174096
5304,0.0706149330944896
5305,0.0705112835818277
5306,0.0704186716145596
5307,0.0703248544836922
5308,0.0702625558167054
5309,0.070278829844183
5310,0.0703733227928667
5311,0.0704890678296975
5312,0.0705797039880239
5313,0.0706428514550911
5314,0.0706772187997121
5315,0.070659253139961
5316,0.0705902828001367
5317,0.0705341215474305
5318,0.0705531782144399
5319,0.0706266919701337
5320,0.0706773529000497
5321,0.0706742800930222
5322,0.0706819876152965
5323,0.0707833268525939
5324,0.0709607884634719
5325,0.071086131444776
5326,0.0710571921067133
5327,0.0709334024722611
5328,0.0709062490452561
5329,0.0711146137724813
5330,0.0714905066199998
5331,0.0718046848034526
5332,0.071885435271011
5333,0.071777554028577
5334,0.0716768057854888
5335,0.0717174752759808
5336,0.071836036743488
5337,0.0718575072969133
5338,0.0716978809461574
5339,0.0714588948005307
5340,0.0713230862150463
5341,0.0713566510871477
5342,0.0714286686922724
5343,0.0713820809790833
5344,0.0712688456866347
5345,0.0712938913024664
5346,0.0715092417433264
5347,0.0717334834885036
5348,0.0718256485829011
5349,0.0718667176915965
5350,0.0719823223698529
5351,0.0721276119423142
5352,0.0721523707558223
5353,0.072022577797035
5354,0.0718541969029874
5355,0.0717369487591014
5356,0.0716580590798654
5357,0.0715879569337048
5358,0.0715259598284424
5359,0.0714856523673566
5360,0.071497135177062
5361,0.0715788668487251
5362,0.0716904092950339
5363,0.0717620878305255
5364,0.0717940443560782
5365,0.0718455847292206
5366,0.0719082730913728
5367,0.0718994532560586
5368,0.0718040830923906
5369,0.0717125276374227
5370,0.0716752537534397
5371,0.0716540861837723
5372,0.0716498564705321
5373,0.0717154879662862
5374,0.0717864995201437
5375,0.0716762723764461
5376,0.0713458028458645
5377,0.0710273597991737
5378,0.0709404603487266
5379,0.0710287548946684
5380,0.0711245722448264
5381,0.0712179756239512
5382,0.0713685045294168
5383,0.0715123943076779
5384,0.0715569747707782
5385,0.0715556180808805
5386,0.0716028327806655
5387,0.0716366867519874
5388,0.0715502315917299
5389,0.0714222317707569
5390,0.0713949656811327
5391,0.0714284790795616
5392,0.0713982706418762
5393,0.0713366088365212
5394,0.0713831494308619
5395,0.0715394800384113
5396,0.0716778721551219
5397,0.0717684472716216
5398,0.0719046345579945
5399,0.0721147278304388
5400,0.0723219094653236
5401,0.0724623571780778
5402,0.0724771962008522
5403,0.0722642972626596
5404,0.0718254797771427
5405,0.0713802090277271
5406,0.0711604777737295
5407,0.0711227754997806
5408,0.0710775348986893
5409,0.0710271662636358
5410,0.0711027712958786
5411,0.0712388293835384
5412,0.0712103611916683
5413,0.0710010890806463
5414,0.0708726906472934
5415,0.0709899276732592
5416,0.0712373209737419
5417,0.0714536765020486
5418,0.0716262583480959
5419,0.071807643529617
5420,0.0719971031054317
5421,0.0721536092915885
5422,0.0722224025678626
5423,0.0721458887780554
5424,0.0719515069325331
5425,0.0717955540604668
5426,0.0717949532218819
5427,0.0718510211795087
5428,0.0717981718325691
5429,0.0716884186822199
5430,0.0717251124306756
5431,0.0719404213081893
5432,0.0721409256224692
5433,0.0721779319283956
5434,0.0720982091590883
5435,0.0720389751425303
5436,0.0721173511640438
5437,0.0723829255962813
5438,0.072735951591802
5439,0.0729365064240955
5440,0.0728583531211468
5441,0.0726793022390388
5442,0.0726483441497818
5443,0.0727404571255827
5444,0.0727561210969562
5445,0.0726916296282545
5446,0.0727394826860787
5447,0.0729490688139338
5448,0.0731480964839195
5449,0.0732201016475977
5450,0.0732421381880113
5451,0.0733004891096908
5452,0.0733558295436638
5453,0.0733401238846206
5454,0.0732344242729667
5455,0.0730425224083262
5456,0.0728145522155848
5457,0.0726637790749854
5458,0.072657486375328
5459,0.0727267209659727
5460,0.0727809380933382
5461,0.0728504271359168
5462,0.0729935964273931
5463,0.0731406714497026
5464,0.0731853214025147
5465,0.0731706407370441
5466,0.0732143294030549
5467,0.0732947363405097
5468,0.0732705804387569
5469,0.073092660289405
5470,0.0728654376758275
5471,0.0726997871927882
5472,0.0726028561717244
5473,0.0725196120626448
5474,0.072407473909651
5475,0.0722693869737573
5476,0.0721732123917433
5477,0.0722232466729684
5478,0.0724598153301549
5479,0.0728003832196294
5480,0.0731393050300854
5481,0.0734438439125447
5482,0.0736941725948634
5483,0.0738102202067713
5484,0.0737287040816944
5485,0.0735083424591023
5486,0.073270079448082
5487,0.0730917333236545
5488,0.073046785138193
5489,0.0732440233926297
5490,0.073698254498202
5491,0.074212257775406
5492,0.0745321940363328
5493,0.0746000466198471
5494,0.0745310067440403
5495,0.074369491340933
5496,0.0740832433842851
5497,0.0736922912424087
5498,0.0733706403769459
5499,0.0731747775677034
5500,0.0729560872626173
